ID,SalePrice
2658,140429.89990545393
2718,190470.6573076591
2414,179477.22308942836
1989,134955.61108861575
625,170743.15184970348
333,104787.56487708195
1327,134091.4104338159
858,157874.58968335614
95,197964.95280211978
1568,158998.99999999997
2482,178698.3820842307
1364,129800.6066556272
2584,162361.38769266888
818,278173.0896399242
2673,184342.1683978119
2089,133983.84718419763
1297,151092.4185764169
790,124474.45523462295
2616,199999.00000000006
720,184898.9999999999
222,139190.80848419608
557,127208.06886631713
1148,215937.8405124956
2766,146255.69485022192
534,178698.3820842307
1452,118040.00636970124
630,136488.021060854
2648,126944.44448228409
125,147894.70284775578
1904,73920.68691778451
1670,120779.28363047456
756,108797.46723872988
717,224999.00000000015
1032,151881.39589434455
852,209169.4593366435
1731,163518.52777528187
2639,118700.51000938709
2071,91329.48905978375
1267,105245.87788708729
1851,185794.12773710268
567,161251.55451064341
2439,213083.28228760025
1898,156451.0283196777
647,148120.06636616267
2256,229708.61356525077
979,113007.36420406771
1444,212583.00392029184
2485,123789.31978632131
157,132446.1845398278
88,130602.46208039623
2003,116898.21076995615
186,198647.00834885356
1425,254658.9644838378
2695,137079.9437482084
738,110117.47877348644
395,148053.3915839917
1353,143248.34706714022
1878,149931.72610321996
390,171590.2192883518
1456,230139.05414436685
1103,342668.25956221845
1387,105735.31100470352
2070,149348.99999999988
1199,168987.16526609173
2479,175256.25451717095
501,339593.65117560956
2362,112573.28383859304
1718,194209.62352403763
2188,82499.00000000001
1483,148917.3761482819
2557,88653.71594843715
437,357955.29386199126
2224,209998.9999999997
1628,170652.72928599667
397,129520.27679854966
587,186558.80536349633
971,147150.7607158833
2611,149371.81219067477
1887,100863.0093956178
2399,350369.5598029167
2148,221799.681771534
304,115049.70409487562
1997,140412.21276980036
2817,130221.1531392352
1431,176841.05049130414
427,388396.24525690346
263,124112.10812728808
598,170774.084751015
2895,244612.1514495165
687,146846.5276283094
1822,130790.83487577236
2191,119064.17988764103
179,136647.6780474659
1009,184180.22866929643
2010,125155.09478356504
1991,156367.84620013926
1411,155888.6567608644
1721,245297.5863388462
1144,181547.64852561645
593,208926.158714236
575,286887.4800754467
1249,179353.6237883413
1604,127646.42544258978
1064,494987.84419548453
1923,156980.32671275298
1988,106926.89254061709
2325,171107.9758403948
114,191493.12523625893
2700,160611.21387986932
217,133268.7753244302
343,177735.91989545568
386,251048.71691987803
2005,126179.2046880182
2908,144116.85967939402
1814,213416.9092195774
2446,509081.06003528583
208,144276.41659326848
1679,114156.73164753911
822,346817.39189616276
6,183624.68626344556
1781,429852.46097366454
2397,273602.19536511676
2340,317821.7454481607
1618,169701.05086531566
2843,138244.83944178783
1061,348834.1624053634
2786,125879.58889530318
1935,125298.76044692745
1341,115248.66234080384
521,249219.33766660062
2136,141689.9947300757
996,180392.59943496916
227,160260.10721018986
135,157043.6657276546
1167,166698.37533785056
294,233999.0
1776,192673.01535177795
540,160425.1866893791
1717,194209.62352403763
2303,129994.35574429158
116,181925.52214963062
127,129158.6296276297
1371,130510.45700375139
1014,169681.77990008652
1507,86300.97009084625
702,137694.32601628208
750,142491.653943982
261,155286.01589356796
1559,69184.73497264145
577,234444.89346451472
2812,197916.32597463412
2080,147484.39214738246
1368,126333.40631210315
2376,125266.75041310755
659,109262.74622077793
1235,125486.04998616892
332,88912.59663394144
1917,137079.9437482084
2094,272492.82338776055
1460,277867.54386643553
1471,191727.24911634013
1509,126408.76740504819
1922,127575.07751830277
433,501690.700804808
460,278976.943473413
1116,243456.8757698153
1137,155167.88687517893
53,181375.7328156936
2354,254126.31104138252
1475,187415.19147022918
1761,543637.4442936614
842,147581.1390476365
2739,170393.6389989363
2509,156324.83722785962
1007,211612.60881739217
2610,169987.74684727934
1952,85674.81573133022
2719,182544.02798599194
2921,103828.3822164242
1966,150137.68168209877
292,122321.39152658849
1204,194818.05523069607
1829,258251.80925827305
2419,170652.72928599667
391,160152.29605111515
798,120742.06955907636
481,181256.06454677018
193,233998.9999999996
555,128169.5552475804
899,83736.74754341382
2357,190281.64502673186
328,125973.86052326924
1356,119134.35072079397
1154,120257.31501381459
1730,172919.3462335674
2249,138705.34896033647
1119,261386.59842336737
2856,117994.76263578275
1394,139969.34844063674
2587,134497.13663159258
61,345216.31211047433
2661,183999.0
2711,129800.6066556272
1147,185794.12773710268
757,149327.7029949934
2623,91329.48905978375
2378,154982.15449412307
1413,131535.93148621445
1722,259469.31939565015
1112,207367.93077916975
1623,183944.07872034618
1201,193613.10050603555
1513,118294.43970911561
957,228368.22008565266
1171,241422.25603813832
1145,198191.79722981554
2726,215054.563961503
703,160882.80614149699
760,76354.31840295301
1964,139543.31337850296
2512,161754.56106674648
159,136858.83801646985
1281,166173.46820005658
468,167659.69082084394
290,117641.51127739134
665,80492.86468342213
1463,299672.71933915827
1792,236132.1493228562
923,146632.92819430574
500,257177.5664694021
1408,161394.9094947625
331,77749.45497713667
170,129584.24503346211
2192,99407.76809491545
2571,281868.24653337366
2314,170855.14438321468
2647,99977.41235549141
422,449547.25401763996
2457,371113.64144138823
1838,203184.3867499464
2805,258317.57194652132
1645,174231.32668745267
1711,315317.2019624734
2825,279255.04343636916
322,372922.08124256897
2103,261129.20458252594
342,118045.57361160862
600,127156.88329151364
488,203350.92286306256
1725,332157.27644853655
2246,265546.01658027276
2847,169409.6171321857
806,244709.81337419196
530,249998.99999999983
963,178888.05919923165
2678,97447.44790965131
171,79923.00519375381
2401,462492.24319388677
805,229133.71962746728
2259,197429.2163134782
1748,168431.7944665081
1361,141167.01861272537
1677,109729.86901202465
1406,147385.44162531963
2322,261299.44615410687
688,146627.38708988443
143,131499.29034283283
804,198000.56850000282
1214,162544.58741138683
2828,148294.28053575163
1999,178616.16082789283
2467,194468.58463177452
2665,158124.44383876308
1538,243998.9999999998
398,121892.742360583
2822,131211.00027952765
2157,145423.4370594982
1856,174604.4786031183
1269,106608.92677366265
2570,128717.3614050078
2320,257200.66466140616
1517,136412.48592551774
2304,121296.40244380171
1312,115677.22893308855
2012,144830.35366955528
506,219092.0443059423
2865,151647.48364446984
2367,96429.61972524539
554,84538.61006067833
238,131989.80227204022
1954,119586.21526750323
2488,149898.99999999994
2291,115257.71103215854
1969,101485.47376434256
2725,152285.09264541193
1482,148917.3761482819
2763,193630.46560320316
503,240719.70340285136
1584,228436.9342109619
1531,168136.1749310536
2210,151215.19531612538
459,351576.2875396966
556,132021.53936737476
1347,140496.67342654464
1290,91769.91455014548
1388,117732.7280839474
1571,184943.36589990358
2754,205833.45555718648
765,147137.80329907546
2494,127430.09369051695
2870,174407.88644807402
7,203981.89158438102
1114,230593.3427557309
2418,294088.17015082337
291,132481.43318323692
18,370679.0713783034
39,369583.23669026187
1001,283091.0305681121
2442,236154.16811630345
616,118407.08189528622
2680,76766.38499370293
1414,135562.14801262107
289,145063.06644352633
40,247849.84505948177
860,133846.5437733661
409,134750.3883639861
673,144025.669384598
2427,177371.68645839253
2036,223307.16276796523
2564,148928.1701019012
642,147875.74161196733
1008,176027.6437262064
1908,137694.32601628208
2519,192673.01535177795
1369,94138.97555407874
2855,153805.32514774302
712,81198.83891605592
1943,123776.07674694344
1958,119102.64727436616
107,137899.5858559515
2295,179804.39431785932
704,110858.14010149914
676,122295.77316974399
259,175938.37725955524
93,290986.3920067162
106,243008.9914680885
2315,201125.37778982433
1050,120557.09323472239
1095,176841.05049130414
2709,143759.94555076465
758,145347.9183476825
1496,159183.47709050766
2370,111109.96247287538
2458,322262.03763234435
2733,138007.10748637142
161,279121.07970242726
726,155168.58892175448
845,201079.312451654
947,251392.91703055726
2232,129322.15130201064
2563,153778.5996313662
2299,139793.38353534476
211,101408.10568653865
605,146498.99999999988
1478,193770.0073163274
2247,261130.67288071295
2274,162190.7742613342
2869,176027.6437262064
967,222779.1009563276
2656,125879.58889530318
667,199998.9999999997
1042,107656.57325196409
2023,175509.44918665205
2447,422827.1359694994
2055,119860.61620777311
2275,319575.2765954607
2204,151677.2131711785
1563,275499.3320131728
483,214555.19815253365
796,133061.0031057468
1526,146615.2181963501
2042,153630.66826680565
442,364091.269637758
1693,332793.12044092064
1468,213031.60762429607
1430,177784.36389792466
2605,157820.65479201346
1529,195477.33700884358
335,134497.13663159258
1287,135475.36012296876
31,106499.0
1785,291034.5625224329
82,163416.26500765205
2620,124370.58740836564
252,204821.81466429832
721,73050.24318516426
2165,188456.93561730586
2316,177926.17817764007
775,135372.54979634818
1558,84719.12747865755
17,199154.77476621524
1022,220714.12268078138
925,115053.20636235151
438,293382.9014944369
1270,136288.38380600093
1272,129318.12499627918
215,141988.05301272403
266,217451.94879185958
2402,268265.7076220101
1250,121886.32100146975
1984,132256.0747701515
1279,135906.8366746379
377,256064.20216506982
1252,141560.54897238195
2156,265703.06783767056
499,308668.0963181417
1374,114695.95100209903
2898,263758.1390849307
401,123390.03655626302
2721,178047.38850895895
2078,243976.11448353194
2589,129331.0144936529
1946,200192.19251270624
1334,122235.77469556985
2781,220494.526978744
431,426379.1121065565
576,181209.43445845964
1474,199314.32435651615
2254,132716.5535187958
2155,271770.1765376995
885,100845.71672337186
643,124647.10664662522
1944,131159.12895267305
480,189272.74216580178
2845,109998.99999999991
2387,327171.1839959066
2407,202380.8650545801
2527,156410.35241625874
2514,151393.67087592013
629,164682.65394725197
80,204769.8698660696
1876,145610.22635666546
1546,125298.76044692745
2518,170676.72192447708
2347,148218.4896166388
783,182231.58143212154
1322,75310.62637744314
194,79998.99999999981
1770,286631.04145566537
2143,135390.14383344294
1229,210680.3664483541
511,261088.00766390507
46,209965.80265937033
1348,184101.83909328855
2465,193672.96742883674
387,244709.81337419196
873,198281.37463637267
1918,125274.76451740376
2764,237198.0180804195
2184,132489.1037778016
934,141938.50422816272
1920,137494.40990459878
2631,156936.36304468842
1768,540729.0282817899
2040,132716.5535187958
1749,210701.41118601142
834,222212.90811915565
1457,252682.429806864
79,120531.8938823137
2302,129765.5295746489
1817,141818.23176617766
2755,234431.85306002872
359,170342.6058382753
2059,119555.60718544223
2092,231743.86287717792
2516,244612.1514495165
150,119541.7818199165
1656,152973.14944807632
83,111191.4008194804
2411,186721.1137336456
795,86205.85251304881
2312,246123.86897388645
2917,94053.39174450835
1624,174809.2065002811
2215,271022.0574430983
1211,157059.89959107165
1485,148854.83408016
1024,162048.16051081946
570,186276.8925315263
2874,139478.62116909222
700,138850.94248736242
2756,207149.2005574611
2022,170095.90190057678
583,213985.09180353585
2392,339350.59227456985
2424,196850.97527362246
212,119012.50962901345
736,126510.30961781801
1610,164989.90858998665
890,129638.25182608711
467,170854.16861977836
578,211632.74171894472
1747,170437.38587958462
1149,178698.3820842307
2758,238708.3261354289
857,132098.19666935634
2219,196025.6756134388
733,106795.48023497887
2909,128528.96972989578
1798,257874.52619582508
235,132668.90818788714
2366,143921.16480643116
1027,130262.76427472147
1195,137991.1755698153
1303,67516.58397710772
148,163151.1908767071
608,156107.33988114537
2515,184691.25127869388
821,291996.05530854163
2500,283738.45740246796
745,124616.2555459011
741,135562.14801262107
1611,126593.26075023208
2532,132045.07280459424
1081,210961.08190099004
1692,462492.24319388677
2520,157223.52109239102
276,120785.50008282061
1992,127148.068392099
663,71999.00000000004
418,122261.17201340133
1733,178177.3244399951
2359,147497.3088956743
253,207016.04064453227
1518,177026.98641602416
2035,136741.09610866304
2919,91230.74715445486
1540,237871.08421174245
2120,144639.1443184359
1674,191101.4341788762
256,136460.38966158108
2361,121566.45733292229
978,102130.16907530082
2280,145406.50098454414
2095,219466.04327194014
1709,328280.37861098046
2801,232681.06371884805
1246,112798.73388494909
2373,105638.01025102325
1055,267749.74809146585
2017,120616.83845696779
1099,269842.82194972323
1344,88161.78998935447
835,177167.88147440084
1117,210764.5748482847
2043,86904.5051294419
2085,134799.88390418194
410,160576.5326085676
2650,115241.6903618629
2867,165801.44803200694
1668,116334.20344414983
1161,165587.0534209718
2122,182135.9326009922
2539,140980.82467359744
1047,137596.4441832194
1445,127646.42544258978
541,143476.4900246046
569,254557.4412271573
1276,120994.06697409674
918,127705.87401951321
326,176211.3436264034
1936,124620.94363217468
895,113726.13009208976
257,138602.0060836944
1241,165337.08046901683
1545,115697.15098003016
1189,179255.6824303412
270,146387.3767323765
2066,186413.99126233193
693,123853.2937454246
1259,134913.60041769076
2916,151384.7815112641
2321,299123.1481484834
1977,105062.5461764341
1895,158388.66486959087
1240,164682.65394725197
85,143921.16480643116
1823,131982.6909764472
825,292085.0694377941
110,217494.10832029599
697,120444.22110848843
2297,114494.59458563745
1231,139660.72234768444
1355,135144.40612818807
968,355445.9474398758
584,204783.6240897818
1315,129242.06558853999
1606,137448.5529288723
206,124921.08557477893
1685,359600.63373521797
2016,140407.98558699802
869,219954.6137858477
2135,129052.72152507007
2346,172625.8427269603
2430,213376.79507791204
2198,87406.36533735071
2652,124316.06603179667
27,122964.1101947808
241,188456.93561730586
906,120189.24567530263
1506,98155.49937726042
2098,384998.9999999997
1435,202109.97388834233
2213,121784.24163916349
1274,133056.88012026032
743,61711.42192700254
1737,195782.615894991
2797,268692.314002178
2185,81999.00000000007
58,165008.2258199434
830,193088.98694787567
808,120151.60114146632
680,143158.54965835824
1153,122055.3852140711
1291,138226.88973961293
1818,148782.14694508017
2161,176841.05049130414
1883,134729.5588656227
350,374119.60605544725
2473,146165.30154241374
295,154299.00000000017
293,174821.30282374707
859,126207.58429849312
288,68399.00000000007
1578,166611.7200555976
102,167787.3896341128
2831,149234.12018110143
1030,169094.0732386194
2551,143616.90954781594
1286,138407.63785454008
958,299079.8129429984
776,131317.89642446896
72,206083.69178421615
2263,261088.00766390507
1866,139511.14969496505
2876,88067.86418356656
2146,277128.4649418806
103,160559.09304728534
1500,148429.9798959923
492,176027.6437262064
167,136869.69753963136
2597,124261.42981501271
2685,115416.33189864861
1035,134729.5588656227
1220,79314.78937539527
2602,164999.00000000006
2159,210701.41118601142
695,137694.32601628208
1109,252682.429806864
640,168676.61881523978
1652,146522.12759732732
2090,202549.5032082122
1188,194467.78724052693
2345,225272.42849485294
1059,437976.120322895
2751,240040.94868604027
128,209066.99887690222
1523,210837.2331177153
2925,153239.50549582025
2145,354565.6834462877
1121,210318.15935363638
566,326477.4053283432
565,207568.59566971165
1331,148104.17313094987
2928,122723.77290728028
156,146255.69485022192
797,152134.80048643434
327,104787.56487708195
2859,136729.6195849679
1453,124977.05435263211
1762,360828.2966664557
1868,198922.9411036822
1760,179077.69422877638
1113,244423.88519453007
1812,204902.1886800711
117,160996.44613180717
1142,204672.15635456337
2342,356735.02654772875
927,127137.9989757794
2478,206748.2872381553
655,90355.15725193276
2064,127705.65278356195
369,217064.03533209406
2239,115946.50791761474
2732,204905.95725714875
1653,170676.72192447708
959,208781.594039253
2395,346236.80392995116
1412,116360.61161784534
271,249889.001746247
1484,148917.3761482819
1497,148439.11315778072
552,160539.56097764178
2,125344.44631232247
1855,283555.70485814114
4,248618.86297074173
2292,145182.03034933918
134,129873.81930597265
646,118667.45602737213
42,324739.41811133013
532,220066.42870598496
713,111332.19336534913
2561,124413.713614064
2360,136391.26475098162
1333,127456.68482143314
1407,169790.11839035733
2892,283103.9086204798
574,222779.1009563276
1227,162073.91932526432
2591,217703.18082659182
1476,185155.6814548126
1125,274854.635898354
1446,134672.33926834335
408,110210.47109099016
1101,275836.2281152076
2251,186276.8925315263
373,187499.00000000006
2554,123780.75280867555
2382,261088.00766390507
1985,98501.37126695222
519,208206.32983865283
1093,201890.45643438547
864,266415.60144699324
2889,140594.6231001037
2308,170718.2039586562
986,149492.8398034758
1302,138324.1962230701
585,153804.30490426833
2708,140453.06448599626
147,132059.5504841919
1441,212115.7412345596
383,168952.1463854584
285,151845.45839965704
181,117133.78010674435
358,169696.2021332623
780,154726.1699563781
258,202905.3366732626
1865,190100.22111260533
692,130401.27593114594
2902,375000.85967985186
508,249575.7171661459
2638,130529.85682914793
36,150097.9882202064
611,165866.04116557172
2281,128063.32976545165
1678,115157.06359218607
1696,474835.98997054243
1557,85998.9999999998
2180,162440.74700321196
1726,221061.65889632725
951,128615.37274666116
267,242088.4330376843
2706,145199.26770310974
2221,215941.9452145106
1357,148227.9347021532
2901,354565.6834462877
347,172706.6264904171
2164,190046.6907062006
1586,324387.5815170845
360,174128.14207566195
1769,227146.62478877685
2617,154566.8304091473
1879,140008.09819310214
991,209868.1574283159
1535,116128.73144180805
1191,138012.9218456769
1579,209965.80265937033
1882,137088.24083935728
1510,129623.81942198801
2196,134937.24335826255
1845,170933.9782829253
2336,436899.763939547
942,91271.78251292206
861,128714.13289112637
2555,110922.76688086406
1392,139062.01345970298
2099,266557.53393612657
1543,123064.83382061613
948,293131.8053786933
1239,162048.16051081946
22,171100.43924860013
2796,224498.9999999998
2747,178438.81435637438
92,297885.4868336342
210,158550.29528967984
1858,197341.42664908414
2228,159932.86824703994
447,205857.9019434466
827,229999.0000000006
1649,194824.6545524144
682,140169.88376762852
2698,117998.99999999991
494,165311.57290914824
214,110171.20310308877
2441,254743.81782264094
2679,116035.74712154592
1336,121076.1700263071
465,177498.59899397325
1524,130997.97767621356
2543,122628.53949187578
631,133386.9767288257
2452,318154.4278118718
228,153804.30490426833
126,144998.99999999968
1092,207846.67305473497
1122,208157.1258903995
932,204603.1097784251
1980,100278.88259319364
2171,124032.76162789643
551,160820.6594939177
2768,159503.38213473716
2056,126148.65896821249
1159,419715.79627311055
2645,134152.50765289296
1174,159451.31796492418
2266,216646.7760336394
2462,466830.9834122714
1219,142062.4538646443
2922,176199.3333086024
118,152086.50113009682
474,178342.1078007125
2576,155286.01589356796
872,299998.9999999999
1077,211999.00000000012
1536,125070.8043459339
1150,137596.4441832194
2341,261006.53050012453
1931,142798.48096697152
2785,127465.3262043925
2538,124041.92815875154
597,194467.78724052693
464,166828.35681655366
233,217619.00249626764
2169,130204.68377000351
2123,162440.74700321196
1867,165244.5250542379
137,235110.29480075967
515,220963.63461298755
933,121188.60549511256
2784,152215.86328649265
972,171398.49685489648
599,169005.05612674088
2614,126426.37025921098
2582,138909.076086037
1409,164205.68710422431
175,106704.02509915462
352,208926.158714236
976,103274.93430364557
2134,191132.14613410592
984,117412.77256057292
2396,350995.64349998016
1673,132978.50060469814
404,123953.88486449154
607,168755.67467872179
814,150120.46267997727
868,200320.86765602307
2271,193807.1350388893
1633,246277.20113861733
337,194486.53966936585
2765,147890.20563719881
1746,214941.58157099868
368,374009.72863597807
2806,194468.58463177452
1662,177824.7493793482
1234,209438.12048438963
1373,140482.20685801157
1672,119593.6686838242
1939,127038.41710252712
