id,SalePrice
2658,115630.5880624191
2718,175802.98469413063
2414,171762.87085741677
1989,123367.62481259514
625,165078.53938593052
333,102262.20947846986
1327,109407.32730893654
858,132377.36693256456
95,201759.70565224777
1568,141634.65890728927
2482,186638.23444546052
1364,125986.93085655871
2584,167057.78363489476
818,300000.79608801106
2673,142414.07402919992
2089,144084.46533106855
1297,142672.83940743288
790,115692.05517284344
2616,189878.98609509176
720,170912.1314469795
222,149310.07732987026
557,117475.90451020018
1148,199683.3123900869
2766,155713.31187321804
534,187653.48639894888
1452,120554.94844116147
630,157865.7518147553
2648,113510.35774475065
125,150623.4015601651
1904,63185.544318435095
1670,114391.0345283861
756,100301.83542989193
717,206495.39254845591
1032,154110.77964944995
852,210024.33858046395
1731,162022.21553347365
2639,128756.19834878293
2071,88652.14656987577
1267,130057.89591503641
1851,170726.32375597712
567,164791.28631804505
2439,192860.8345931224
1898,142469.23929626172
647,154969.3242501121
2256,212877.13795163794
979,102280.80751686555
1444,223854.9407471369
2485,125265.57166389718
157,132544.8190700106
88,130786.60763455968
2003,102532.37641813408
186,169096.6850964293
1425,266848.8539968981
2695,126146.9379992429
738,128757.95639902033
395,138725.50747944924
1353,127299.88112941539
1878,142838.40815173872
390,150597.44953898448
1456,235175.2994442628
1103,297642.6912805167
1387,116262.84962004097
2070,149839.4774597838
1199,148942.50609771704
2479,193375.94846625754
501,323325.49790367205
2362,90389.48261520898
1718,198202.38542929472
2188,100515.38934528627
1483,156060.40000670278
2557,104130.31572360217
437,361517.6973560926
2224,159808.63446222167
1628,200527.84822850872
397,128009.32530801641
587,181796.8612528291
971,129922.03352049652
2611,141779.8409320658
1887,113741.70078734105
2399,373898.18683769734
2148,226543.45854635126
304,117245.84681213692
1997,144845.15907021408
2817,126132.23889130224
1431,196292.51715970275
427,366000.869865883
263,120624.21484164003
598,164454.25460444787
2895,202225.71205002483
687,141215.41883003525
1822,134981.2990289184
2191,116842.28706286543
179,123290.91589917446
1009,202295.82554553906
2010,120414.6177126932
1991,133194.52284459246
1411,146382.26359254585
1721,220480.31398526882
1144,193645.7285678362
593,200413.61094295466
575,305224.9236818241
1249,187490.5298216393
1604,127019.60410735487
1064,447161.5506717765
1923,138510.9915820116
1988,105522.86027781059
2325,173107.67261394544
114,185569.18665328255
2700,145768.97957886415
217,125841.38767170956
343,175317.81851520084
386,236904.02174128694
2005,151160.83565940362
2908,141990.34760617436
1814,208901.35456932086
2446,417829.7232977021
208,156794.96872878453
1679,117075.2659857042
822,319384.5745158431
6,192877.88524389418
1781,400341.28435357945
2397,295935.0183240388
2340,303429.1976242017
1618,179616.69386941916
2843,96904.06240297198
1061,366985.06939613516
2786,119468.24031728382
1935,143064.62899322817
1341,124609.4657701043
521,262193.80372534925
2136,140643.73083015173
996,182801.05625808152
227,156003.97618203028
135,155853.08536049252
1167,166734.4816728786
294,190516.47281514597
1776,199060.4388656855
540,155236.16256206078
1717,198202.38542929472
2303,118880.61626492735
116,188363.94594734767
127,139740.628686584
1371,135268.44418533816
1014,161724.10176810453
1507,89864.8826105049
702,134239.4820865645
750,110024.26162978394
261,140416.40792188185
1559,78326.0211056305
577,194388.4676141409
2812,197191.68905944217
2080,135959.73429866682
1368,120571.05755509726
2376,129659.92585175346
659,112740.62826282276
1235,132487.55406474438
332,85371.52751015287
1917,131996.81629814502
2094,248452.94004804594
1460,283174.5939116978
1471,211726.22048444414
1509,126524.92082913856
1922,137412.2740003851
433,459304.0446425313
460,272287.05431727896
1116,258026.63334185435
1137,150396.45729795258
53,183836.2941932914
2354,212780.6629404254
1475,200600.34673642856
1761,457165.2848806576
842,150051.45077645953
2739,178722.63534419428
2509,156031.99229404793
1007,197463.76003302584
2610,171887.31188057028
1952,90402.19006485675
2719,165614.39439756935
2921,100143.92759421829
1966,123367.02298810803
292,119097.29121004608
1204,184399.8423269692
1829,226324.83689165002
2419,178196.82140614826
391,169830.07750199703
798,104534.24330305899
481,173454.56529541916
193,174660.9597265949
555,123747.05450267615
899,78249.8683890585
2357,167795.55841930702
328,126928.36340190322
1356,118745.31130428289
1154,125502.11680513031
1730,172652.15841172496
2249,148254.3378212608
1119,274385.93847123376
2856,120953.19011587171
1394,124162.73798498682
2587,120638.16462024713
61,315775.10014008183
2661,152886.30994852647
2711,123815.3918002772
1147,198235.0555704455
757,125936.62012256395
2623,94952.49081099713
2378,147747.8144009398
1413,117065.61302085087
1722,198251.96914934035
1112,239902.8236115909
1623,187030.37024395572
1201,181254.7979116719
1513,108858.07311778548
957,209543.47608368125
1171,245280.90378992548
1145,199316.4867481738
2726,174587.682304552
703,153717.6211641909
760,81115.59800826396
1964,141610.39337953104
2512,165604.79441327832
159,126986.3989767986
1281,178087.4253813701
468,183485.78388762329
290,120130.88067548248
665,104860.75267369262
1463,274924.44454394333
1792,208904.36830519454
923,117428.07258165396
500,307293.303658733
1408,134711.37418308132
331,87105.14500833202
170,130915.29961542162
2192,109788.47929095617
2571,256256.89083065555
2314,173783.2336126987
2647,102455.255876002
422,465800.5836927541
2457,337190.9907315146
1838,198501.5438850061
2805,246285.6377912547
1645,155262.3162986436
1711,299608.53157076467
2825,212570.80683738532
322,369710.22165394836
2103,267726.71279555303
342,121183.48689590069
600,104778.1234596147
488,199031.52869960514
1725,307655.08050834306
2246,290884.6444941511
2847,164989.54120010327
806,227077.14184641992
530,209757.65474939637
963,192961.83600320964
2678,94414.58189034116
171,107176.34102328781
2401,426583.3383819913
805,217413.4097537414
2259,188390.24354125315
1748,187089.35654721363
1361,120225.36421844202
1677,100627.2070843058
1406,159617.05197866677
2322,206992.9238528916
688,148513.3254649446
143,121440.54046467852
804,207613.62368238287
1214,146284.77779964154
2828,153725.88471471425
1999,167374.38437563647
2467,198132.41911248132
2665,120947.0614642746
1538,291194.7652496146
398,118700.33931407258
2822,112677.32347834099
2157,152711.18368674087
1856,185158.4565044838
1269,98574.25549255766
2570,114434.66087182252
2320,261105.47463984948
1517,113935.5551927755
2304,133605.96875540866
1312,116871.77471731638
2012,138002.18799677622
506,199442.1972543981
2865,149126.39475190517
2367,100038.30381760022
554,95160.13356407463
238,116559.4734503467
1954,121052.34187636572
2488,125920.91942626562
2291,104250.03121585505
1969,115810.57795586981
2725,142067.72831644514
1482,156060.40000670278
2763,192860.4696530728
503,242617.12913203938
1584,212177.82725654382
1531,151312.79412455388
2210,143532.9516451281
459,317707.20383857714
556,132185.8884638604
1347,115302.9069471203
1290,104039.02862743207
1388,86525.25431282117
1571,194819.16725896162
2754,208382.68698121884
765,133953.02691874345
2494,115876.4862185403
2870,167406.80699396587
7,207731.21970804178
1114,242869.73538918025
2418,273129.1651305057
291,99506.00420812434
18,345963.6814234751
39,387286.383819448
1001,278927.2429588572
2442,222181.28523501853
616,127745.70237971933
2680,75438.98383711773
1414,104362.56446102762
289,134921.1295124949
40,230170.75018662578
860,128375.14480231579
409,133865.1275278885
673,142421.41801178196
2427,182301.39655359852
2036,183827.37764800375
2564,156576.1456978392
642,157627.25975233686
1008,188950.695645581
1908,128023.23718473302
2519,210009.00938643893
1369,113218.63733177836
2855,133992.4561086471
712,93635.82245423507
1943,110165.55631242257
1958,132796.73241430192
107,164350.24107119365
2295,200400.27177148152
704,79512.9937934256
676,140291.3880976756
259,197445.3752860056
93,291796.9180188931
106,229261.05523004205
2315,174589.32262062788
1050,121718.73611069108
1095,173454.56529541916
2709,148322.34622470156
758,119302.68976672865
1496,148206.87562747867
2370,100038.30381760004
2458,249200.37651408807
2733,142272.0314332399
161,240820.77257908613
726,150102.559553983
845,206825.5217211596
947,241710.66091837682
2232,127012.63661970712
2563,162598.303986029
2299,138001.02645672002
211,89971.7763606918
605,140756.1640482103
1478,196948.30014958754
2247,241885.09399447823
2274,157251.060243943
2869,192988.63204494072
967,198237.87593802437
2656,129934.41666787614
667,161459.64670886783
1042,100038.30381760022
2023,153429.98490977837
2447,331422.23098389903
2055,123908.11453306324
2275,287211.0568206383
2204,147839.91357515095
1563,296362.26845420303
483,198202.38542929507
796,137171.04385492983
1526,137369.17440202157
2042,136683.2721910291
442,387655.0235334097
1693,325757.39626266866
1468,219254.64816459047
1430,165309.72507773867
2605,152167.81057410582
1529,155028.0282806309
335,128531.234816806
1287,135914.18965197928
31,100038.30381760022
1785,367449.74705719313
82,162760.72131314827
2620,119542.54176230353
252,203196.5636333518
721,76203.00842031602
2165,185619.99666987028
2316,184358.21944384635
775,125719.67228838438
1558,106052.86058620113
17,171462.180844161
1022,198711.30693047863
925,122006.99008748801
438,313327.9494224649
1270,124038.33906712921
1272,129490.25821122261
215,149022.62522489435
266,226975.79096153253
2402,289504.4259263259
1250,118918.53880755081
1984,133890.4419906209
1279,128666.10447741026
377,212528.28668267158
1252,135505.254268041
2156,250940.49014985684
499,300114.14468128316
1374,138072.84047333946
2898,217242.82437513798
401,114780.61118784003
2721,179446.38354529676
2078,226101.7853170789
2589,130730.60217949792
1946,151190.47694693695
1334,132271.9375558556
2781,236645.26981092474
431,412371.32793789764
576,205730.15244736482
1474,195933.96598601955
2254,125145.65915870939
2155,250753.2534973685
885,133036.2988728632
643,132520.30235501472
1944,124775.2145660623
480,181312.25714130446
2845,108830.61989685691
2387,303628.68980309647
2407,197232.35552916437
2527,165746.2693707071
2514,176653.29224975675
629,167108.57522498528
80,208903.1248821527
1876,146447.25538297766
1546,121594.61330808785
2518,165463.58647739963
2347,151920.73297137488
783,182171.98416651256
1322,77988.85241501081
194,96544.03260690343
1770,305489.5745873139
2143,134813.53577691602
1229,184939.5026632551
511,271987.3074965818
46,197232.35552916402
1348,169068.86245978146
2465,198132.41911248167
387,233809.39212564216
873,201244.31688630133
1918,124107.49634450067
2764,226236.2570024272
2184,123889.60329743817
934,156727.89434819383
1920,133070.09852898604
2631,164040.28108935672
1768,471923.23629189125
2040,131087.17321582368
1749,203324.27466114174
834,206893.42342051817
1457,233973.19742877467
79,117241.07411667939
2302,120301.14482631271
1817,138703.10519425906
2755,229195.5660335577
359,174526.8478872547
2059,121718.73611069108
2092,237592.57090297545
2516,221203.21735547914
150,116984.17098780048
1656,154958.85725098645
83,96183.94967490612
2411,182891.19455409487
795,106297.35310475901
2312,213857.79006602548
2917,91344.52508686185
1624,193495.815414263
2215,196324.3534984319
1211,144522.25197818707
1485,154000.1325952728
1024,170714.60564862483
570,197375.28504940422
2874,125925.28560340237
700,117483.05651503034
2756,199478.4619644887
2022,148600.9332800531
583,185564.5473623184
2392,365236.64149354
2424,193970.17571801483
212,89368.94096578212
736,133474.49262393112
1610,166718.04685717257
890,130996.32338663856
467,172652.15841172496
578,188948.8086696591
1747,176927.24675004318
1149,186638.23444546052
2758,225327.71506004388
857,128856.18304803946
2219,225472.85078641615
733,110049.21173837634
2909,122508.38358011487
1798,245238.51872966113
235,160893.93910773157
2366,146421.17803013744
1027,120845.28101698878
1195,135337.8762034585
1303,73288.4328601271
148,152074.59237801633
608,154393.36361918063
2515,169683.48668819785
821,273877.2326249875
2500,261122.2258178461
745,111193.10514585082
741,116538.43728454661
1611,114293.02266099144
2532,144908.12681998144
1081,218490.07935662562
1692,409425.654998066
2520,168351.71908752937
276,108007.71657018816
1992,126632.26823460603
663,68501.90588595202
418,124323.67787301463
1733,176967.00514459898
2359,139156.4334520394
253,198274.92310483163
1518,165609.53492231006
2035,131096.0076343391
2919,90650.63708593011
1540,216062.85875233522
2120,152366.38396866035
1674,204330.52755229227
256,134806.42047040685
2361,117107.96396160217
978,102521.91373260645
2280,146828.10293956046
2095,222862.29781706174
1709,315959.0717570951
2801,236516.15368414865
1246,121352.0762908728
2373,100835.76606384802
1055,280545.41844719916
2017,118307.2258792627
1099,256087.761838765
1344,107426.58940137965
835,157184.6876458915
1117,201925.25476215032
2043,85268.40347358069
2085,129569.9314377718
410,144111.58578787246
2650,102136.5551136976
2867,158774.8675118064
1668,119943.515371456
1161,155236.78170233697
2122,184389.67594404417
2539,123673.85397771504
1047,139026.56081265592
1445,122921.0233917318
541,141990.3476061746
569,229766.8615143193
1276,120309.74627274196
918,136673.76109345022
326,180835.0015425879
1936,122151.67416378138
895,114465.36783032805
257,146961.71853963236
1241,163230.34598242058
1545,118743.06212702017
1189,193347.07938626464
270,147685.8818127458
2066,196451.8438342027
693,131778.17127356224
1259,141918.6075431477
2916,149571.34190495656
2321,293945.9700342409
1977,114554.5977137202
1895,147947.4359428169
1240,164102.3415765378
85,140978.09352283028
1823,120902.29208457588
825,262302.94482857455
110,211556.0218195348
697,124363.1033197242
2297,98867.4234748993
1231,128839.26710407973
1355,122736.5262321778
968,365922.8069557039
584,188922.6264091634
1315,127545.34154126559
1606,142893.94807899985
206,109732.90443223147
1685,379407.08546989266
2016,139349.0083447597
869,207078.6743662857
2135,131832.8518696074
2346,167534.06956377346
2430,222345.78482621993
2198,97854.72881046674
2652,117082.86508405184
27,126264.95710271921
241,186975.86478155668
906,128361.09647778307
1506,113946.96082921608
2098,349870.46452083695
1435,221029.7661177929
2213,127721.73282204283
1274,121325.57915965188
743,68332.34400951308
1737,183439.21896670043
2797,257217.62032123472
2185,77061.98046183135
58,182043.9920051806
830,196040.77777864021
808,117277.4848599389
680,140657.44261608497
1153,126024.34045624608
1291,128908.71994802178
1818,139746.56529638002
2161,191507.32041860945
1883,126206.52054380253
350,307752.01296467613
2473,141990.34760617436
295,145639.84253930353
293,172101.57394310946
859,116644.66129090675
288,88149.78398660195
1578,165119.68486183707
102,166830.34344777756
2831,163016.01731281687
1030,173091.01628071867
2551,128107.10095943703
1286,153957.12763172385
958,304770.11573783675
776,125637.0395595619
72,207115.89926789317
2263,243561.11958157687
1866,144958.29034634726
2876,86373.38515136164
2146,258641.39562683014
103,161812.95508409175
1500,154723.14493164656
492,184369.5424264222
167,128299.93393134231
2597,122043.63487867992
2685,118125.54008117924
1035,129628.99596777106
1220,88840.74455802488
2602,149703.92938154837
2159,203324.27466114174
695,137930.00038914516
1109,230534.51706913896
640,156410.21891810177
1652,159640.90398652686
2090,170535.45215758317
1188,178573.0228992695
2345,218174.77346027058
1059,416956.13832665456
2751,233622.02300751902
128,172433.6949415525
1523,176171.68168774454
2925,139535.67849847782
2145,331313.3556554933
1121,194750.26680939423
566,287805.6183813307
565,216169.00424977383
1331,137454.45497881653
2928,140854.0551905318
156,140562.29939100766
797,153267.12329994098
327,107256.38501758428
2859,136417.64512575758
1453,127145.927682121
1762,332578.04495728534
1868,187732.5454852953
1760,185777.0556834407
1113,262141.72464130408
1812,195976.8511574715
117,148476.74440551468
1142,207345.04370090368
2342,398532.2042082798
927,129222.54888085337
2478,211023.28817124013
655,111170.6143945869
2064,127759.19014196211
369,214865.20473624222
2239,124065.3716740974
2732,197098.9770343224
1653,168228.4270320465
959,200059.16605987243
2395,352149.5897779372
1412,102894.72109477416
271,236866.8538266333
1484,156060.40000670278
1497,163055.12490832713
552,137241.68521523965
2,120596.8828792793
1855,264402.4841576691
4,259853.35606141144
2292,152157.25401671266
134,141489.20128151024
646,114292.98239108267
42,337035.2238540551
532,203306.54829719942
713,117775.58047534975
2561,130284.10994068922
2360,135192.92680381238
1333,124048.67682638616
1407,165150.12479979836
2892,269921.5619538654
574,214116.3987288398
1227,165747.1407218546
2591,165862.90602573927
1476,207847.9342154024
1125,262350.9325793358
1446,135709.16079272967
408,103230.3808498513
1101,302858.10455355176
2251,223422.1271047097
373,182650.3320801836
2554,120448.3025273125
2382,284992.9148032898
1985,88609.72120688
519,202196.65144392382
1093,194751.84638620797
864,252722.7755293076
2889,142138.2360540088
2308,156212.54303221114
986,146723.70093141802
1302,132700.132714346
585,149714.69286417073
2708,138257.59868496135
147,133442.4686847429
1441,223809.70340520705
383,182756.93992878456
285,145024.6394647887
181,97160.38039963479
358,179793.74814720187
780,139647.8669040933
258,187683.59726606208
1865,176032.18084024012
692,105356.58020476816
2902,301489.7079231038
508,233242.3462534153
2638,129785.54484067141
36,142002.63544691587
611,166307.4505777821
2281,132337.72419910418
1678,105142.40377383555
1696,448956.0184965034
1557,98380.22566149256
2180,163270.82387755252
1726,223599.99817029026
951,116565.93496118655
267,238808.80203235475
2706,144133.0174496924
2221,202709.97024664446
1357,130226.64800879943
2901,311261.35952179343
347,172434.0298799768
2164,191783.61523448976
1586,294018.157864331
360,178524.89509660713
1769,225940.8960858619
2617,166142.58641497671
1879,144548.90661219117
991,207566.6203905918
1535,120397.08021628331
1191,137035.3642451029
1579,204013.70404676016
1882,131241.70020027977
1510,123860.17209035493
2196,104048.34575009704
1845,166528.52095101387
2336,361442.77930772153
942,101516.95220611837
861,117183.22400325177
2555,116576.15810919218
1392,149617.6875942886
2099,254189.6591845353
1543,129581.89447258081
948,235509.417906292
1239,158597.00887947567
22,173667.4927873228
2796,232398.76347203305
2747,169414.81678133068
92,296235.81158126274
210,151105.6140672389
1858,204981.97308567437
2228,149562.28630525246
447,207242.64831415884
827,239563.35115672692
1649,188248.33085060763
682,121072.65667871908
2698,116725.52127103222
494,184215.80698448507
214,80524.38907988393
2441,217877.14172825863
2679,102159.90192811129
1336,123660.30954520125
465,172869.0616452634
1524,131620.31058003395
2543,111147.77690930637
631,128917.89343756302
2452,313915.5402860828
228,161197.21439110284
126,131960.9161521449
1092,197232.35552916402
1122,198653.8573034107
932,161052.48213967067
1980,116438.55194199528
2171,125327.19821724368
551,162533.44583788555
2768,169231.20492718063
2056,124330.57882311114
1159,299466.4285269917
2645,111914.06179304545
1174,149511.8019074459
2266,226739.17717386247
2462,442016.16626144
1219,142351.67214973297
2922,149938.01449827696
118,140916.47134561228
474,187289.71397625963
2576,149173.39120839027
872,313926.4428226567
1077,216800.65737013365
1536,141487.1928025879
1150,140464.127421523
2341,272679.53615477716
1931,131602.06234079343
2785,125246.45620511885
2538,129857.35596644977
597,178446.7446472321
464,181878.0596266905
233,197769.8278482763
2169,118033.95452868221
2123,179717.3126308174
1867,152434.61616729107
137,198849.15887274093
515,223806.0705722945
933,129229.92911611778
2784,147065.26904584406
972,184639.01376903645
599,162310.0688552643
2614,121514.34486914746
2582,135253.46380090716
1409,153764.92130881688
175,111344.13081736723
352,193899.78633645875
976,113024.03555609856
2134,194706.26069091866
984,101969.3076082663
2396,354305.0231935974
1673,155604.25229651848
404,133338.25087194305
607,171796.50438811886
814,147053.60214005926
868,198039.35890198938
2271,222268.89532496317
1633,195681.56130347462
337,168115.65862906718
2765,136112.8270712484
1746,223873.9780357425
368,296489.8270959178
2806,196875.93316146758
1662,170078.7059735495
1234,231618.73997655077
1373,132770.4034566012
1672,115202.8272543225
1939,134296.32932790392
