ID,SalePrice
2658,120379.32682986371
2718,171499.4759822764
2414,173624.16879289944
1989,117193.31306753443
625,164982.73889831346
333,100907.8662376908
1327,119433.92391475433
858,133517.38134619757
95,197970.98097123328
1568,143078.96767827138
2482,185320.33548905732
1364,118030.80936170171
2584,155091.79413759027
818,294205.6621882432
2673,151814.27648185755
2089,141926.87084800252
1297,147694.98019823368
790,113104.90855458911
2616,191550.0537550284
720,154926.4193759807
222,142488.4927303398
557,120868.38441591187
1148,199876.76147355433
2766,157381.75769538508
534,178128.31429215235
1452,118413.98352978194
630,152691.55520959664
2648,116398.27945692427
125,144855.16064995222
1904,57138.411897857106
1670,119831.05985437997
756,93502.98996078839
717,195345.59584404135
1032,160075.2596894587
852,216684.1616269235
1731,159735.78798454706
2639,134800.66879411414
2071,91632.56883567563
1267,126232.90217621312
1851,174053.21350210742
567,158874.80866285923
2439,205924.60213798008
1898,141553.76236301885
647,145261.44778460616
2256,213439.0216193506
979,107130.50536000394
1444,222251.86754132135
2485,119506.04777024055
157,132700.8774262239
88,131844.4494128384
2003,98973.50351451302
186,162837.4233351724
1425,233241.856157107
2695,129320.6123215713
738,131386.68634642134
395,141109.46364098054
1353,129830.33088374417
1878,141173.10836393325
390,157518.2741304562
1456,227711.1082121798
1103,313212.31248304056
1387,114785.7743308311
2070,153875.38083172063
1199,145372.94214342505
2479,191233.20277336927
501,316765.32577434473
2362,94389.85505190819
1718,200116.43406402165
2188,101835.41313188447
1483,162605.3944228032
2557,100937.16393315892
437,373868.7523057047
2224,166448.4450614456
1628,182133.5193205912
397,129164.17231221794
587,170121.4406355793
971,139544.06016967705
2611,140968.42927955612
1887,113519.61635435137
2399,353067.5717104185
2148,218434.89441828892
304,124045.78587585872
1997,142588.6184715624
2817,133064.76987594937
1431,202264.36248975186
427,383480.9276609545
263,119835.50047517236
598,165724.95155884261
2895,201572.51194948988
687,138265.9714181399
1822,134328.60013934033
2191,116813.71250848737
179,123187.93157790034
1009,212963.28477434043
2010,121333.76383470543
1991,135029.55689089172
1411,138783.2152296601
1721,228919.89131452856
1144,196033.8789727282
593,195570.95148276206
575,303101.29212895804
1249,186575.95796306594
1604,120587.0020850097
1064,456735.3361905976
1923,136986.81580591368
1988,98075.23699016625
2325,172880.19473386547
114,179333.15880052056
2700,143336.38469354817
217,120569.39633493312
343,173345.64199027763
386,237799.9812637431
2005,136826.61871522752
2908,141160.67798806087
1814,212727.38789317105
2446,403107.7764566242
208,160637.3439401166
1679,121618.69126441453
822,310398.5874978448
6,190771.9938645235
1781,409433.717488736
2397,292323.4716933884
2340,300467.7091811685
1618,179349.3518478376
2843,124404.91889351334
1061,389996.4344890276
2786,124937.35038949392
1935,139085.813578373
1341,135517.80385796868
521,228376.24633622344
2136,139093.90179685826
996,179589.88783416752
227,157705.243108334
135,150311.49987361298
1167,169805.22693929626
294,177215.6011443652
1776,191956.00075910302
540,160524.87554478686
1717,200116.43406402165
2303,126511.54231058573
116,192555.39101672237
127,137841.11540258466
1371,134526.44566748486
1014,159456.69414734712
1507,85339.65256340915
702,136326.5070045215
750,124734.68006760525
261,145778.10586004032
1559,82000.5073339068
577,201129.87507697902
2812,200190.64744995645
2080,135479.08977381507
1368,113241.76373639119
2376,125002.2853493046
659,111657.23836003001
1235,129360.81959014671
332,90451.94277092959
1917,129283.74078037914
2094,247513.3982117575
1460,275438.93999321474
1471,215969.45496851334
1509,124597.57345712736
1922,134345.32810168987
433,482485.09944061696
460,277254.5165890078
1116,232945.80097732734
1137,155176.71375139177
53,179434.9186106989
2354,220215.2663736393
1475,196949.08023887768
1761,468490.7001229496
842,147677.13209126104
2739,177846.89483594682
2509,154308.43826770777
1007,204769.9234182973
2610,165733.64589596883
1952,88227.15876549142
2719,149263.44651009352
2921,97461.10552497121
1966,135627.60555459626
292,121420.65870896257
1204,185008.08386837586
1829,248818.66045173162
2419,178323.7917684756
391,169616.68612003527
798,121876.41203019446
481,176012.00766695186
193,184888.27240249372
555,126102.29722847334
899,88499.63260867064
2357,169425.67114209343
328,133745.8673460787
1356,126387.00771920374
1154,118569.32469123731
1730,176012.00766695186
2249,150763.17047409515
1119,269064.10746647004
2856,122740.3752666023
1394,125617.8277533426
2587,116406.34579061613
61,330980.7123004125
2661,143032.69481603426
2711,121279.5635181523
1147,194669.20850097292
757,127901.47676294405
2623,90721.32137789199
2378,148529.93832392534
1413,123933.56890402584
1722,201602.9992307606
1112,240466.87130771505
1623,184741.4553131328
1201,199022.82908393667
1513,107638.29167383602
957,221901.26738404497
1171,234662.5189537499
1145,193722.05263631648
2726,180406.94503339715
703,159643.20504850906
760,75316.87883148434
1964,140535.83406390698
2512,170199.280174655
159,133292.46902169738
1281,174046.00249577448
468,180269.02824967785
290,117701.01012966804
665,102629.45959910625
1463,268990.41471017
1792,204982.07468660348
923,116575.64482789993
500,301130.3441951086
1408,129131.74158534438
331,90628.95891568325
170,146359.77922934585
2192,120165.25710261951
2571,247150.93607901465
2314,176422.81216774503
2647,97639.10607824074
422,443291.83101568016
2457,360937.4031922193
1838,200546.10138251414
2805,244611.9780427261
1645,156128.7428620812
1711,313871.4218402866
2825,220488.8297655913
322,386748.0238079324
2103,234931.31810255264
342,117126.71545873716
600,109569.91638083811
488,193810.15666935657
1725,308420.1031771658
2246,282813.7014779585
2847,158306.7580324801
806,227077.14184641992
530,219144.92869888438
963,172283.02813134275
2678,102029.41356422302
171,103288.19639337157
2401,431828.1990454901
805,215840.95246463324
2259,199221.5233300949
1748,182426.97205763398
1361,128837.93646760055
1677,99410.13167771298
1406,157877.0150219784
2322,208748.1178449394
688,141950.84235210434
143,119911.40904478625
804,204911.3785974157
1214,142551.151008977
2828,147202.91330317748
1999,183565.04358780003
2467,198635.33498608784
2665,129770.98273948621
1538,279377.31493025046
398,110844.13715278865
2822,114502.26362482033
2157,156518.64280290788
1856,163837.33690333995
1269,93405.54118730615
2570,115089.70613148717
2320,254379.83329751206
1517,116044.90121131441
2304,133653.94257356797
1312,116871.77471731638
2012,137122.333986596
506,201260.44958443913
2865,150466.5573764967
2367,98776.44479557576
554,99662.94854695795
238,115120.38675311995
1954,122947.71426762166
2488,128986.35782223249
2291,100461.84784301741
1969,116634.3206072453
2725,138415.2964664984
1482,162605.3944228032
2763,194995.2053805153
503,241939.4630753563
1584,216046.50119807784
1531,160566.8733341773
2210,145497.22801224008
459,339604.0351146547
556,130447.77719699315
1347,121539.93001189307
1290,106453.67015042002
1388,105703.23434766999
1571,193143.66607526984
2754,218409.51005850307
765,128397.94532777382
2494,122927.17823489217
2870,165876.64761810505
7,197568.36051865254
1114,237889.56443322529
2418,278305.091454739
291,99968.95607755797
18,358796.3228026426
39,385670.30147147493
1001,282277.8743993472
2442,225644.8591532508
616,117972.37001901965
2680,77851.96397793811
1414,106076.49267939509
289,136342.1165640795
40,232206.68408665428
860,132815.37125321614
409,136700.5691287202
673,135554.78882964788
2427,181849.20056505885
2036,178128.1716009753
2564,147109.34553317833
642,137798.40364657855
1008,185686.20313594354
1908,136326.50700452176
2519,198142.26272596305
1369,113386.54658574858
2855,142795.57190994744
712,92991.62390662884
1943,108254.92647792806
1958,121995.45984265851
107,144550.73220573703
2295,184251.6457966952
704,85436.31439554536
676,128335.06317061458
259,201545.72432664983
93,275763.06847311807
106,225785.21913846052
2315,172824.81325470822
1050,129858.8332441863
1095,176012.00766695186
2709,147858.1061420326
758,116085.98377659613
1496,145931.39967520876
2370,99410.13167771298
2458,245049.28209407665
2733,146800.91538297373
161,246116.40890436206
726,153986.08466127154
845,199119.1861462707
947,248436.64169416323
2232,114704.20335021305
2563,141342.91767203785
2299,127595.34625340134
211,94072.23507453127
605,139780.82053979265
1478,187341.53378877492
2247,239790.61988596272
2274,155162.24767379888
2869,189182.64357821795
967,203345.30918997136
2656,126608.56534213107
667,160532.33294105495
1042,98776.44479557576
2023,163190.8830263064
2447,345987.40023686225
2055,120346.3079994867
2275,269925.39671493525
2204,153407.1296815098
1563,293596.3431766108
483,201265.95269539492
796,145268.92603264656
1526,136734.70564551913
2042,140403.77837880145
442,391158.33040949085
1693,333464.588192293
1468,221075.4745897348
1430,169982.1038542042
2605,168371.14186013988
1529,163473.125262321
335,132440.01251929338
1287,139591.03330827976
31,99434.81783925758
1785,354997.1102839933
82,163475.6290446545
2620,116614.20682879852
252,196398.85929488202
721,75101.64410603783
2165,181336.535588931
2316,182817.28825287352
775,127795.36954542993
1558,97409.69039570964
17,180809.66991647138
1022,208475.8800486061
925,124429.67101982179
438,301535.43232469255
1270,126693.99066162277
1272,123097.05133387155
215,152356.54390219096
266,222308.70973171663
2402,288761.1949467611
1250,117679.28638849701
1984,130069.22393171831
1279,132699.94561401263
377,208386.1305395483
1252,139412.9650683577
2156,251596.03083116366
499,297369.3251743964
1374,126284.25403772604
2898,207779.92021756177
401,120580.67903966464
2721,169628.55582855982
2078,219756.97038526947
2589,132437.9773700394
1946,147298.2178153638
1334,128473.92789311166
2781,231036.0961810071
431,411758.53930818476
576,188701.51879419017
1474,197713.83293066995
2254,129455.26744753942
2155,253250.52554855772
885,124985.31363640109
643,129557.08653750461
1944,120401.6105576096
480,184372.4756621586
2845,104148.98986476714
2387,308544.39926387556
2407,203705.08894559354
2527,169754.61453025817
2514,174020.08478976184
629,165294.99282428203
80,207505.2677746627
1876,145890.51202671463
1546,120313.70771275928
2518,156578.48327266076
2347,154064.0983578429
783,167610.0550540458
1322,80131.48952328437
194,91374.17592579087
1770,319744.395988856
2143,134208.53026260674
1229,174611.0800404485
511,237950.962633629
46,203705.08894559316
1348,163270.63889117425
2465,196294.9138524531
387,235431.15234721298
873,215426.7925080462
1918,118363.39226095597
2764,222745.91617081745
2184,125090.35897603551
934,141272.30084062315
1920,132977.6908189271
2631,160622.61299196925
1768,487777.7335694046
2040,131718.32954543765
1749,200658.9367502779
834,216708.00051311267
1457,233804.2624028617
79,120503.45860555307
2302,113217.49396826136
1817,134941.2332117696
2755,228784.6818295961
359,174297.5051035988
2059,128300.79166554664
2092,240449.64687584035
2516,241767.04042008112
150,119584.12325960597
1656,157334.40729077166
83,108056.78255586271
2411,179752.10714851244
795,93542.41770810388
2312,214528.2376532372
2917,85866.05168822837
1624,190541.3981635298
2215,209872.61062782948
1211,148807.77860539412
1485,155097.63407161774
1024,172635.8891193519
570,188023.30814060057
2874,126700.01033948651
700,114385.06110599489
2756,191273.38798962435
2022,136051.51746381234
583,182440.40970011536
2392,367916.0653934021
2424,192646.26709475223
212,99298.07520576224
736,132774.32066139366
1610,163595.48585883592
890,133363.40040686514
467,176012.00766695186
578,198206.74742362776
1747,175506.735327093
1149,188951.17751232267
2758,223698.37250855347
857,129626.28201440579
2219,196481.86259461913
733,117342.47168717798
2909,119014.78269837637
1798,253256.01454162542
235,159538.130817306
2366,149590.5270841695
1027,118380.6665715083
1195,131637.48057535614
1303,80204.3359562743
148,155404.30899984928
608,157259.9333500332
2515,171577.7970787049
821,252516.2010478321
2500,252500.9779020478
745,112789.76219729784
741,119160.38138791712
1611,119316.93720897482
2532,145904.55854397453
1081,216766.04648819639
1692,416185.006172321
2520,152762.22637138414
276,107037.31815689392
1992,123840.00356269258
663,61514.96966713669
418,120216.3591032556
1733,175218.14368808214
2359,135652.12430250092
253,189372.93440586282
1518,179772.3154595855
2035,135273.55525623335
2919,94100.83721752978
1540,217592.9775238024
2120,150503.00189356197
1674,214552.1480339668
256,135862.4672957349
2361,110036.73382156533
978,95368.31326512326
2280,149185.51223056376
2095,228227.3721427335
1709,337834.7287525226
2801,233278.1650057764
1246,117442.61086733126
2373,102496.57799945862
1055,283816.8099324136
2017,118709.86016615068
1099,262662.0440795889
1344,98761.5734516528
835,155877.61835132295
1117,196096.74260958124
2043,85540.0677600696
2085,131143.06957901834
410,146708.43733419196
2650,101094.11363967712
2867,150896.705253836
1668,116229.3041710276
1161,154308.43826770777
2122,185907.10914696107
2539,121047.73711773442
1047,141234.37652100011
1445,116011.5908021012
541,141160.67798806087
569,227738.04711557747
1276,118386.05472697628
918,147282.5033436548
326,176746.96134699602
1936,122569.92791077156
895,118779.10593252082
257,149809.87547970234
1241,160927.99247387573
1545,112869.6870554965
1189,192187.3125098186
270,149349.7948513528
2066,191803.89749076447
693,131868.58608295777
1259,150320.6551697948
2916,156088.36051531287
2321,293945.9700342409
1977,115298.77562444823
1895,156491.59977724944
1240,158229.61423085793
85,138614.2128832347
1823,134509.28924612788
825,235095.98489085358
110,231658.51673796933
697,115423.01182136836
2297,97319.65285811208
1231,135383.91032009915
1355,127375.91629959439
968,366216.90079157305
584,193813.15057394022
1315,120410.57234519534
1606,137408.63667336974
206,116269.37101220022
1685,375287.38015978667
2016,145650.11742653683
869,203230.73081064422
2135,128310.65491467422
2346,172073.36004088883
2430,216286.6250332246
2198,93254.83547559183
2652,119140.29680355787
27,136626.31455533084
241,189720.0096531432
906,123115.73734686444
1506,103240.33772277854
2098,347319.1120312919
1435,222514.25467221122
2213,123015.49996297393
1274,120951.21963797568
743,61040.55097432808
1737,180229.49180240725
2797,254617.9137205153
2185,75373.47053222031
58,173187.72940528492
830,189372.93440586282
808,111072.16319731827
680,137062.05990823777
1153,124218.93421730961
1291,131029.54240267453
1818,140926.2939271211
2161,194525.5200532154
1883,127472.76340060392
350,295311.3744978372
2473,141160.67798806087
295,139783.02383963135
293,183065.69060382468
859,125215.72758640257
288,87990.06012217871
1578,162310.24660601438
102,172234.31518613143
2831,163559.79873182776
1030,175589.07612147048
2551,125500.9577370442
1286,154814.27744529195
958,312687.0547249695
776,130012.19050570519
72,212955.98646993676
2263,234546.40313665417
1866,139120.84916103797
2876,90901.99864202784
2146,253249.873713232
103,161027.0604616683
1500,149167.68468807318
492,182052.47791258263
167,131917.02541797367
2597,126193.85247569166
2685,111986.63872634992
1035,133353.77764796946
1220,99532.15913706459
2602,152542.09751677478
2159,200658.9367502779
695,129478.14930791807
1109,225857.05947570788
640,161475.56434597855
1652,161736.65013793792
2090,180539.35062094027
1188,164600.65364921704
2345,207693.0640937651
1059,413711.78041877015
2751,225474.57154462766
128,181834.07932086955
1523,182437.82793711242
2925,143367.6112878787
2145,321442.6837577901
1121,189836.11934913692
566,280838.6821546742
565,214620.97143653987
1331,130369.2317714028
2928,140904.63155542835
156,139921.0057139644
797,145885.1283416024
327,104483.42545261711
2859,137273.02124550572
1453,128288.51255651744
1762,344532.4610863143
1868,182846.48978180977
1760,183367.29638138885
1113,220750.88056962326
1812,197129.18151898854
117,145605.61066270416
1142,217760.6171522641
2342,398413.71466825606
927,128243.20738149113
2478,205960.2720265164
655,111852.91434139301
2064,124869.10085561963
369,218076.19746516435
2239,121062.90624866277
2732,199882.2966075422
1653,167755.84756671154
959,205324.61088362717
2395,372214.3340370026
1412,103078.26227715166
271,232628.51033932492
1484,160575.86937309394
1497,163804.3646983245
552,134811.1590747896
2,122540.94510010288
1855,267887.6701054243
4,243259.36033735046
2292,150040.70984934492
134,147748.1954612102
646,124363.95114935441
42,339749.49299759325
532,198494.30807675808
713,114091.77348201469
2561,134001.5946361474
2360,133671.3505125627
1333,127747.68982478602
1407,167991.64937119218
2892,266303.41165876755
574,206938.9804516318
1227,165702.7161118005
2591,181284.46948672552
1476,205451.3166052719
1125,248624.53086846176
1446,141228.42675425007
408,102450.77312035317
1101,311411.2291475623
2251,220616.2505936862
373,175121.97214393047
2554,120548.97102977862
2382,300972.8230102922
1985,95553.95839025927
519,215888.7218724552
1093,193810.15666935724
864,246399.94940602628
2889,140278.00954807008
2308,150840.60074931273
986,148754.51906291558
1302,134682.7412096573
585,150040.02566956586
2708,138831.5563351459
147,131663.84821833405
1441,225301.24885672043
383,173629.32228259917
285,137970.23117296465
181,117591.75188972047
358,173249.1970211831
780,140946.25913203074
258,185877.61799499037
1865,171733.1256924726
692,111806.7763338821
2902,292877.42462750775
508,228784.6818295957
2638,127957.67281366265
36,148618.17891791227
611,165599.78123598843
2281,131284.35964640518
1678,105849.35485943529
1696,473243.28449543245
1557,97293.3854797795
2180,161916.17795246647
1726,240511.2102044475
951,126124.10076904338
267,234769.44266837797
2706,141236.5155481282
2221,213128.57869480705
1357,130783.56514570685
2901,330319.33234034164
347,171863.01114884389
2164,189658.15220866216
1586,283387.789912775
360,171211.0454242149
1769,213845.8359220679
2617,160862.19035753343
1879,137221.76965694368
991,213416.63267045195
1535,119375.53552403803
1191,135035.25872567145
1579,192830.2197493008
1882,131518.12299810993
1510,124018.85545404014
2196,103113.52008762764
1845,167798.8926598554
2336,380649.73959420057
942,106673.17571601109
861,121216.87029397687
2555,120777.5106936178
1392,125121.15712846252
2099,263881.89524959016
1543,131418.18669433444
948,242378.0393425569
1239,160169.2289417909
22,171293.36873625513
2796,230252.93273145036
2747,173656.0175694655
92,292991.40213305387
210,149667.45908196087
1858,206326.30415951376
2228,145890.47620787803
447,209244.72501923938
827,232812.8044636242
1649,196685.94626802305
682,119236.68764356175
2698,104448.81739716479
494,175113.65283883395
214,77268.77025992161
2441,214904.60590291605
2679,110094.45247359165
1336,113337.51425943497
465,176012.00766695186
1524,138140.60647524308
2543,113420.66816396483
631,130785.68031924604
2452,320399.5034719299
228,154351.4421364536
126,131180.3967670992
1092,203705.08894559316
1122,195263.93277186964
932,156548.06601070418
1980,116438.55194199528
2171,136136.93912403623
551,170344.08312008248
2768,172600.35762455856
2056,116106.31261972187
1159,325164.6657801443
2645,119792.24966516187
1174,148150.06828055854
2266,217587.79937458373
2462,401493.30369570816
1219,141274.74010759185
2922,151772.43285053852
118,137789.55372650365
474,187859.0748002633
2576,150474.2649595947
872,309642.1064124543
1077,219783.16680880982
1536,145451.98331416765
1150,140339.86407139586
2341,285371.00935919763
1931,131448.49844624044
2785,120251.18093918564
2538,130578.07667938148
597,179074.7374857892
464,173202.68950784666
233,216055.7608756948
2169,129670.4147034785
2123,181952.4018818755
1867,151439.7720120996
137,212504.97298367013
515,211746.84544703993
933,129572.40974060408
2784,138414.94351748616
972,181755.2615973212
599,166548.15360175516
2614,124639.4585524467
2582,134257.5875981981
1409,159811.3404297892
175,114510.21233982145
352,192521.04235680585
976,106323.25360506997
2134,193469.0759633046
984,102751.90225415655
2396,367009.05700588133
1673,144515.71537480588
404,128654.14173024886
607,170609.98775440714
814,141578.49911262142
868,196738.99249333798
2271,217934.88177513628
1633,213720.4299936609
337,156176.95165325003
2765,132217.99626545308
1746,232435.41165879896
368,281039.954995684
2806,188665.93781458095
1662,167178.0232498178
1234,230600.49976834867
1373,133170.4437678296
1672,120785.04878057203
1939,127658.30904492836
