ID,SalePrice
2658,123749.20895874493
2718,193174.87520495718
2414,196519.75322286482
1989,115048.7569939141
625,183443.13651621828
333,103875.72886781047
1327,113714.44713339952
858,139664.9428710673
95,199478.82136015382
1568,161838.88499485733
2482,169330.7337501303
1364,123638.07603613353
2584,166842.5847476265
818,301939.0110659614
2673,148946.63216179478
2089,130121.02930601509
1297,152413.71491630518
790,116697.74829291181
2616,196607.5805501612
720,184598.54244901138
222,151734.4103518479
557,123259.53897874786
1148,221115.54498385842
2766,163702.44839144574
534,189087.4099724626
1452,109976.13401449643
630,136127.93658508983
2648,117737.64593662307
125,144055.76429645857
1904,70055.56988827424
1670,109215.58223481219
756,101519.59217264812
717,232552.18659267382
1032,164979.49319881244
852,227627.73314627347
1731,176803.71735214168
2639,117323.70322800473
2071,82577.4073829894
1267,119748.4169525199
1851,201855.03502459373
567,156509.01789078533
2439,213850.68882547593
1898,152678.12757905782
647,159093.64504285716
2256,234310.60107750486
979,115388.81972798759
1444,221521.1744357648
2485,109844.24733844369
157,131313.915468728
88,114368.18898921688
2003,107586.78013232422
186,190220.18758251093
1425,278588.9529022952
2695,134515.21909971492
738,108335.82556410268
395,146947.74057004115
1353,149856.75423683893
1878,140750.32018273236
390,158687.67207778344
1456,238895.82783151296
1103,323721.3565978933
1387,107114.09333430072
2070,150870.5721680245
1199,167589.16862767775
2479,171846.52944320784
501,351022.21824716416
2362,95123.69306800044
1718,204772.2736930523
2188,94857.08382398338
1483,163287.18058973225
2557,91966.23247841226
437,331393.18393999606
2224,199311.8932003962
1628,179788.45481110635
397,134296.95862974448
587,184972.07301938973
971,139264.7523427155
2611,150231.63714508645
1887,92157.30483585213
2399,354379.7253113071
2148,223419.96351375798
304,113985.60507098227
1997,132520.11434121645
2817,125386.77080785425
1431,169725.36726150793
427,390340.5821890859
263,113265.76785313079
598,155306.39996907112
2895,229223.01502449327
687,145200.95284601444
1822,128628.33707164608
2191,105757.08717881735
179,125839.1908518345
1009,209263.05340324735
2010,121105.38873869203
1991,133341.9419854582
1411,152496.7033288057
1721,259938.66523345595
1144,185525.37292455608
593,212235.83046479733
575,288967.70079858956
1249,182508.7404320802
1604,119555.075256031
1064,538870.7746423376
1923,160288.1034236438
1988,105931.78701018872
2325,177946.3328114014
114,188988.83826198775
2700,180325.077521636
217,131929.9616619668
343,168598.75441054188
386,250236.68695627636
2005,122314.33207236834
2908,136083.45536477581
1814,222528.94853002383
2446,549162.513899033
208,151471.70169770016
1679,116740.69542607888
822,331292.1890075048
6,187037.05682257633
1781,436061.0094319003
2397,274416.320874648
2340,312020.92376233183
1618,157147.7270461689
2843,121406.40309863085
1061,374257.0627766616
2786,122596.76928000263
1935,133480.66091184452
1341,115182.10073947885
521,296552.3659620802
2136,125252.74907664533
996,193662.2578172452
227,156960.68209024103
135,163726.77460790324
1167,157432.36832497086
294,233694.1056704366
1776,208790.62876747418
540,180101.48143651467
1717,204772.2736930523
2303,119881.89835506817
116,185178.79507357345
127,132372.28890803724
1371,132532.0442812277
1014,174074.29683691252
1507,95876.75761637087
702,136378.12255854614
750,134434.13504709923
261,149846.56882867136
1559,83584.97854412798
577,211593.68491955896
2812,203775.77338909943
2080,155156.48314375465
1368,122051.65737391169
2376,120643.51978719152
659,110919.6489862867
1235,115954.43801855503
332,100245.929730024
1917,130594.05725115564
2094,262867.41207989445
1460,280967.98185485543
1471,208584.60683037902
1509,123779.13671007112
1922,126757.57307371957
433,554181.7431624171
460,279251.2072049125
1116,267257.8139135198
1137,167636.05469684335
53,185357.99703673297
2354,246167.73645995746
1475,206503.3200746647
1761,805558.1579844126
842,136616.16094213884
2739,178468.02499315958
2509,170631.7137911139
1007,221429.30276154773
2610,173067.29664558597
1952,99593.91042873157
2719,184467.21283657468
2921,100448.9551164045
1966,131424.01256858575
292,119973.7445481035
1204,189693.11208228118
1829,246213.24911425757
2419,189343.04674502622
391,160683.40386246608
798,110422.12479361879
481,198082.99616144373
193,192926.31372853086
555,116608.50953898986
899,74129.70835124291
2357,178754.44844987814
328,136061.8026496321
1356,119504.90246782631
1154,112544.95260887801
1730,186705.60959216705
2249,149994.26831547206
1119,269335.3541463791
2856,119781.22327195243
1394,125338.69649232834
2587,122028.07489632134
61,346286.23283539497
2661,184766.2217119091
2711,123000.8280620051
1147,183827.27442659382
757,145419.71775339745
2623,86301.280863139
2378,163994.88227626614
1413,123251.90669094081
1722,234819.2340345388
1112,213602.90674755225
1623,184917.3790545628
1201,183560.0324568691
1513,114611.93004659216
957,245254.34081146118
1171,273188.56062721286
1145,194407.11427863096
2726,231947.78292823888
703,159451.13235400157
760,89825.94730509706
1964,141796.2821027543
2512,180548.79449833336
159,143346.5552730253
1281,160167.0368930947
468,177519.39541514753
290,115668.34060035949
665,105765.6435977419
1463,297019.16728548496
1792,222470.814540021
923,136598.5189385437
500,276679.98499598965
1408,159567.49889950114
331,95416.40401027456
170,120847.1567938336
2192,99926.17464497611
2571,293799.36952920223
2314,172135.86702675535
2647,95519.32276326038
422,457441.0004396061
2457,388422.3296037429
1838,221785.63556049683
2805,274325.6917074899
1645,157784.67010893798
1711,296330.62304561445
2825,257474.07231193158
322,382957.0147771009
2103,283622.0535908654
342,116873.13823714081
600,107615.36150024786
488,196849.95107347664
1725,347316.6828983688
2246,260796.20185735542
2847,181335.7794167845
806,246908.0050930834
530,231905.1845812107
963,187896.5284825417
2678,93553.49852454291
171,97942.98722770171
2401,466266.5790076341
805,220189.374645428
2259,212141.02383025762
1748,178822.48850245474
1361,124204.26125716766
1677,121987.69169985555
1406,159744.45081422478
2322,225339.36174999826
688,150445.41907383222
143,126755.15948300684
804,210374.5583612888
1214,148253.28005022532
2828,147561.4396524726
1999,194506.5422464074
2467,198414.0138199878
2665,154953.78044530045
1538,365480.3378429621
398,103021.59230828463
2822,132016.13274720465
2157,155301.35077812767
1856,185224.14510799167
1269,95740.59453744047
2570,115862.77924673834
2320,257662.61690954943
1517,113384.740826554
2304,116449.89272367556
1312,105959.44761763181
2012,136255.89813007295
506,216061.29226266278
2865,165631.75253275246
2367,112574.30313662902
554,98100.21017012297
238,125729.7982113305
1954,113720.7049039378
2488,128435.18476352534
2291,114584.40885788799
1969,99043.70030116967
2725,157576.10136982618
1482,163287.18058973225
2763,198208.04926656414
503,241464.57058826266
1584,245267.1818025629
1531,143527.78019651418
2210,153659.21702587378
459,356536.8373477355
556,120294.93669083362
1347,133248.19981493472
1290,89443.52706521955
1388,102949.04703214434
1571,195337.29537126448
2754,219896.8407252728
765,123884.18435152523
2494,118596.04491850203
2870,204928.51083946848
7,224989.35955415296
1114,240372.4417801609
2418,278838.3803415861
291,110523.88195429333
18,359938.2898435691
39,350794.52592402126
1001,280044.8111481205
2442,234993.0050955093
616,119675.11770948795
2680,77256.03663518155
1414,115818.84745958146
289,129623.68704508526
40,254759.7367610992
860,117108.69962655085
409,133413.5427586716
673,140989.1948635909
2427,187554.96816319445
2036,211006.30515444838
2564,144309.91905167286
642,167482.0642607181
1008,175704.59482650014
1908,134129.90773046162
2519,230069.09496044237
1369,100345.18221290235
2855,143737.91194701384
712,89609.56450252535
1943,103106.62098309182
1958,123828.66935510148
107,159247.37262863998
2295,196515.96882668816
704,101014.16134848764
676,126785.08708867893
259,178130.8242809333
93,291922.7826163985
106,240465.1665494326
2315,180893.88955405823
1050,111075.48850377419
1095,199334.98832590168
2709,135975.83757699793
758,141299.77593961867
1496,158318.82351250746
2370,126592.10670567531
2458,269928.6946843628
2733,138650.63630673735
161,287551.8687038481
726,154596.04032889626
845,212409.43358043252
947,264161.15042031405
2232,111388.93359827877
2563,142002.7361771092
2299,135833.814317406
211,95790.36080634165
605,155408.51945487387
1478,212457.09054648638
2247,263741.7857443633
2274,190433.4228682055
2869,200735.0614867634
967,218308.72141609908
2656,116871.41288770566
667,207093.26753300254
1042,117896.92705316289
2023,154091.45499408746
2447,402959.392220846
2055,114704.28500113465
2275,299023.2957775066
2204,158797.94709964437
1563,276271.4539759651
483,218214.59727686315
796,133726.7796680179
1526,147076.9417225944
2042,149740.48922914112
442,347781.0888677175
1693,316060.974894177
1468,217157.27167865395
1430,184956.28977828813
2605,168176.92603577467
1529,169266.8657016389
335,123345.16627469465
1287,136660.33542111906
31,107145.98467943406
1785,298311.9284643495
82,159343.20524304532
2620,119972.69499961403
252,203289.96018068554
721,91912.85880078186
2165,200216.7850855775
2316,170912.96221056962
775,122014.72244356843
1558,105976.91758268497
17,191874.58906912486
1022,228285.22626235092
925,116719.14893640415
438,298029.8473690254
1270,133214.5580554572
1272,116503.48264490529
215,128221.83532714863
266,224178.8022648511
2402,265291.7593693456
1250,117252.20503961976
1984,117096.7496534432
1279,132553.79225907818
377,240594.48802658042
1252,135843.81512853384
2156,261446.50462291227
499,309440.30016874784
1374,117768.74692329847
2898,258404.18766508912
401,111029.12659170151
2721,186504.864377927
2078,271431.7797649675
2589,122034.51369830963
1946,227038.85836047988
1334,122830.1245368881
2781,247492.32007893032
431,431112.45679114707
576,213098.74614708236
1474,200431.8761595899
2254,135813.56399965988
2155,295669.5632039038
885,107435.37924520142
643,127554.9639216525
1944,124980.95934430948
480,206704.86996757283
2845,108326.33663651336
2387,297485.03352609725
2407,216959.37912421458
2527,160206.22129405919
2514,164603.39368462522
629,178503.7880743912
80,206130.066457226
1876,135133.1342755693
1546,118985.07065300505
2518,164441.22314115532
2347,158671.02031331565
783,204573.52853995076
1322,77647.78316368542
194,87209.88780806995
1770,288539.91670532344
2143,139767.13279489693
1229,197025.40936899392
511,286150.97135456814
46,216546.1045224628
1348,165936.9792960053
2465,196015.19117977816
387,239541.99626140945
873,214342.70714165183
1918,113613.64738703996
2764,246188.7205733127
2184,124710.61261874704
934,157066.28994633048
1920,120719.7737544289
2631,137523.13772071153
1768,781137.327340725
2040,123418.73294541104
1749,217018.9310984763
834,213914.43039915545
1457,252736.4281922129
79,122661.73668502706
2302,114733.98647106442
1817,136853.2558475757
2755,242862.375237174
359,177213.97855168927
2059,112524.05202408048
2092,242324.26289032245
2516,262117.0637931404
150,103164.08984447377
1656,145952.0438636223
83,102233.04745079197
2411,197562.15247359592
795,86655.24194304111
2312,239464.46978203897
2917,110754.33323048343
1624,182099.82913961977
2215,288215.46514857333
1211,143143.60835163118
1485,165794.61427680365
1024,165705.91156996007
570,202360.26680992095
2874,131625.87259563286
700,145554.34452205378
2756,222613.97613548234
2022,174467.12689421186
583,230745.27175493058
2392,362014.6914474466
2424,218587.70370333694
212,106168.55228449027
736,134554.6701507404
1610,170929.32375892965
890,116028.87534099226
467,183275.70575092445
578,240385.82510170658
1747,178906.6288739657
1149,176112.80634363336
2758,234533.18472573024
857,127740.45853642198
2219,262170.68037913466
733,102199.22457329798
2909,123872.5644963595
1798,284024.2810603294
235,121468.98735755542
2366,148652.33180328124
1027,120403.26477197002
1195,134917.06022501638
1303,64941.54662416119
148,186238.27720303752
608,148731.6163445038
2515,197397.4593744623
821,297494.72283726523
2500,287730.270884737
745,116013.7898568429
741,123232.59025101774
1611,122546.62804627477
2532,119237.67921327303
1081,232102.1006003617
1692,459769.1707501981
2520,179137.96092892415
276,102500.1080376882
1992,122438.2059180386
663,69774.36622448792
418,131647.49344190946
1733,183856.30239406304
2359,138637.98731741175
253,197578.79581878407
1518,167101.0651774331
2035,135846.76150172303
2919,94372.52137212547
1540,235323.6586070209
2120,140649.57710996005
1674,206846.07899135398
256,138239.57391033345
2361,109144.50420873889
978,97858.89488310786
2280,158409.41501953077
2095,225461.2748223404
1709,309499.04359774705
2801,232697.8592606302
1246,115511.08725899833
2373,125547.02780969611
1055,270707.81296299334
2017,116536.14227864353
1099,277592.7406349232
1344,96165.84485670086
835,158379.46835207482
1117,219017.46938040096
2043,103274.68988017949
2085,128824.98586331352
410,151296.95850516544
2650,108018.46691469302
2867,156092.3219599882
1668,112023.20399943907
1161,180782.2763951178
2122,172507.8861249927
2539,135755.21472225274
1047,140197.31985469922
1445,113425.547312788
541,137333.8538113744
569,238523.86059532868
1276,122815.74347688939
918,138879.8265364146
326,180163.41505106352
1936,115679.18678195702
895,97481.62771018561
257,141596.74952864152
1241,177485.02434765437
1545,111538.93305544734
1189,169261.4330768131
270,151906.67514251897
2066,183673.3745278928
693,110556.71143117925
1259,151031.45274573393
2916,139647.61280788595
2321,299016.47063449025
1977,100624.7792421117
1895,149832.7333748013
1240,160341.99814417065
85,136711.1589678891
1823,109573.03343514606
825,309039.3333636772
110,227084.98165175642
697,109727.73297107937
2297,101905.54719429956
1231,126277.41672591293
1355,126068.31429567537
968,344506.0817086086
584,215792.1323480546
1315,121305.84783487408
1606,140455.00302274234
206,110784.32497330965
1685,341658.70029210876
2016,137862.67849080774
869,211057.95214864297
2135,122409.31964190425
2346,165510.75058947311
2430,237781.73502419534
2198,87414.05251215489
2652,113913.73028605447
27,111962.90140975664
241,176949.4266426887
906,119923.6928518638
1506,115258.00263726572
2098,360250.157973966
1435,217184.2462339725
2213,105632.61889271918
1274,132851.7918333922
743,68291.14054766849
1737,201081.9333400162
2797,277431.2625079392
2185,77722.00391719126
58,170764.59443725232
830,197659.85437823186
808,119002.97930928074
680,150821.96054053144
1153,112300.66124920984
1291,135537.17349681718
1818,155314.92540163247
2161,190013.44153771378
1883,121917.23983942984
350,383801.30739610665
2473,150877.6448748186
295,159389.77096663148
293,194167.39573734096
859,130835.02966739496
288,80918.0400630513
1578,140999.71883045897
102,167687.12341199123
2831,178768.40847940365
1030,169139.34544001467
2551,136133.5168139837
1286,153290.52517996568
958,327110.5081377489
776,117679.5216479977
72,217037.62494515922
2263,271202.6409357181
1866,148687.7302059782
2876,83723.12557093562
2146,279999.9036237723
103,175828.4970961477
1500,149475.58937158287
492,180750.01452433853
167,131181.95695763265
2597,125646.40300435478
2685,110442.40341090772
1035,143095.57433993707
1220,68524.76230604375
2602,141419.89152385347
2159,214810.98782701933
695,133066.9035416472
1109,257111.61973890985
640,172024.72992554048
1652,152279.5543366616
2090,201148.38832444604
1188,181381.15562817143
2345,218595.29434123595
1059,416816.3877574485
2751,233732.03112815524
128,206554.0823915402
1523,169834.4650794756
2925,153310.3613093119
2145,319018.3419409657
1121,223526.14692076252
566,325649.55088572303
565,217365.0917019246
1331,128224.9740507813
2928,116099.53348350595
156,138048.07451048834
797,156827.90507447833
327,104232.72949706465
2859,133721.71012610555
1453,114704.51322358284
1762,376320.67570913146
1868,196528.81721703155
1760,187027.8596421356
1113,271031.68732029764
1812,185128.84711243358
117,145513.52707483625
1142,224200.4977845211
2342,381883.96295716305
927,136594.09633078397
2478,190206.00813405612
655,93360.37152498146
2064,122039.3304346851
369,235395.3599466718
2239,118088.44989572775
2732,210381.2697493974
1653,159471.18189223172
959,204475.3244493764
2395,343616.76815471833
1412,101302.8950905384
271,261519.60477889987
1484,163287.18058973225
1497,151519.09940992013
552,159176.60440509528
2,115303.47912624881
1855,306507.29444437055
4,288709.46950287017
2292,163172.74980433908
134,136603.33335571206
646,107202.13427851572
42,321797.05056226894
532,227096.4890840702
713,107552.04389434184
2561,127998.55594347304
2360,134885.69025024766
1333,129819.38751982135
1407,165906.75062892583
2892,293411.9296227777
574,226377.53892301634
1227,176803.90844750937
2591,242942.81622173716
1476,206355.52685281896
1125,266010.8255437084
1446,123428.2642839508
408,112105.2964852492
1101,284424.816739257
2251,197915.5479660866
373,184487.95733076739
2554,122500.02780622266
2382,283431.198700738
1985,88533.03518749612
519,224701.58306235782
1093,195197.9387572365
864,255265.20878128652
2889,140770.30961713937
2308,179991.52433372114
986,148851.99326743314
1302,150436.61164754585
585,148658.77219881435
2708,138359.270273469
147,118451.30275160479
1441,225841.71004113244
383,174588.27324056718
285,163224.45960130292
181,110197.93934127004
358,156226.3811513495
780,171292.53340026058
258,199926.38231406972
1865,191863.47853087328
692,122959.9061897635
2902,354441.2150571845
508,275248.4063233003
2638,130768.01274958445
36,150640.2893135818
611,163839.7644717344
2281,122463.17503705327
1678,141236.28241615617
1696,510965.1844038352
1557,86576.99813217693
2180,144442.9705832671
1726,244174.50663169174
951,146301.50919309346
267,240979.08265353084
2706,143667.80448911394
2221,233487.1005270602
1357,143047.40661589286
2901,338709.35094276414
347,178052.2159429985
2164,191941.23009371103
1586,328844.5740830888
360,182863.75570568888
1769,230061.55254757297
2617,148908.29701847676
1879,147344.89736586116
991,230527.40155637983
1535,109631.22024860836
1191,157495.40918713887
1579,206474.39403647688
1882,131367.09263312528
1510,126759.55283722872
2196,134181.48939497565
1845,180869.33775542487
2336,371833.22729597066
942,95007.79033705003
861,122779.7799545927
2555,99854.01291299913
1392,142961.0883523009
2099,287977.33513319906
1543,133417.7624940914
948,277023.29442976695
1239,152029.21668153568
22,182977.1233985587
2796,245344.85961047077
2747,174121.6753457007
92,295531.7654461053
210,173074.89902147593
1858,225460.46786090801
2228,175871.0532713541
447,221788.4937385532
827,244393.41951297704
1649,201994.71471905464
682,126399.16657219858
2698,107558.42398501077
494,166843.26091408738
214,100667.97440413808
2441,233827.24586460556
2679,104336.41080846138
1336,131040.39351586091
465,196094.63541590289
1524,129944.80098693378
2543,108238.16303963894
631,118938.57667636604
2452,310781.50806681096
228,147794.8408928684
126,145539.6048321725
1092,216357.98651827176
1122,214105.54722091477
932,198776.48547897107
1980,92732.54661590912
2171,111799.45724300054
551,140744.22710135547
2768,173302.60440975035
2056,106328.33795378145
1159,387835.3337827604
2645,118191.41886084451
1174,169645.71494138223
2266,219452.736757496
2462,422302.2181594955
1219,144241.8169899196
2922,181569.00848858178
118,127998.1513272323
474,196718.60561451968
2576,143303.82252893707
872,297604.139605286
1077,241860.08682217696
1536,129494.73993126256
1150,124725.84820000455
2341,311670.31377526966
1931,138799.0645971789
2785,128800.57259218262
2538,119186.30533961939
597,205073.77385176334
464,189640.28237999848
233,205427.45266785755
2169,132740.7760645035
2123,163080.7434706279
1867,149288.91690906597
137,252091.67404012388
515,231058.26131445155
933,129391.72750701476
2784,141128.70803744448
972,169555.24387069826
599,157152.13527714123
2614,130481.37489927404
2582,144324.76360517967
1409,157319.3123367804
175,94175.83401911598
352,222336.21275082685
976,108382.54484362257
2134,196848.24735204777
984,113091.12059160745
2396,404178.73262521985
1673,155199.3042053647
404,126771.3896079431
607,163864.82801458266
814,167215.49781289135
868,199254.2374669839
2271,208656.15370529704
1633,236873.22070011756
337,185567.51014782573
2765,142815.9686643604
1746,240992.9790895468
368,341591.5142935504
2806,205875.631419175
1662,174569.98209574845
1234,200550.5683090064
1373,143248.07118213875
1672,106162.74366549947
1939,127373.64698868872
