ID,SalePrice
2658,124309.18448095836
2718,194450.37359820429
2414,194327.36583213162
1989,114693.0671738148
625,180676.31556409644
333,105923.82668234307
1327,112880.37300845026
858,139983.10342320678
95,198613.33913539516
1568,159149.22218890488
2482,167594.28341667485
1364,123655.71830175209
2584,165744.50715405447
818,297033.93191572354
2673,148321.09802540464
2089,128330.16179737984
1297,150574.5160567469
790,118359.8312225045
2616,192545.92015725246
720,183552.7421268631
222,147420.38980706985
557,122142.77532552238
1148,214788.52229096327
2766,159916.92700950685
534,187565.4325593652
1452,110610.04453232815
630,131889.5516694571
2648,119562.0329697827
125,144608.32257940533
1904,70777.35935149563
1670,109271.82210168631
756,103785.1239495696
717,237181.11734707272
1032,162585.86465903025
852,221808.5508972268
1731,176503.40620832794
2639,117283.47465264853
2071,86197.357290159
1267,119414.99043032227
1851,195951.13125623405
567,154274.17032821305
2439,216381.32996189958
1898,151165.69293701043
647,151795.76715787136
2256,228124.119997107
979,113833.5874743441
1444,218391.80070926322
2485,110578.02138474154
157,129072.31300940273
88,118078.41881862619
2003,108400.01326470877
186,183808.2065107801
1425,272943.7989449432
2695,131890.38092097253
738,109494.69025861681
395,145850.03023142403
1353,148491.47901050918
1878,139128.28738826374
390,159363.5449297957
1456,237925.2463606997
1103,321139.8148410537
1387,110568.69761289259
2070,147698.11852723965
1199,173415.02954636034
2479,171694.5942999841
501,343430.6755023444
2362,95418.84161184136
1718,204188.7267987927
2188,91580.7661074457
1483,161280.41780539893
2557,93298.66912660713
437,342267.91680410167
2224,198576.33740509127
1628,177782.07818016424
397,131753.4832015067
587,187432.30046260293
971,141376.92514507993
2611,147250.8678006746
1887,95030.26884847232
2399,354090.3758332846
2148,217875.92558013098
304,114575.10016264497
1997,130587.04765679286
2817,122313.22020610285
1431,171493.306193109
427,387065.97954169137
263,115043.49292892526
598,155240.11655195686
2895,226298.53153413674
687,146179.3656639726
1822,126813.86432682515
2191,104734.83812160218
179,123893.71817421474
1009,206641.88587812072
2010,117122.51131902215
1991,134491.26709869402
1411,153924.92021723048
1721,258633.64684958052
1144,184676.31243369705
593,213313.35296364132
575,279723.0228903928
1249,182163.564270247
1604,120469.72198741375
1064,553849.1869708821
1923,157565.67238508008
1988,104532.02348424075
2325,177683.86453420346
114,186513.7055009739
2700,181262.6303328613
217,130799.50842284954
343,167645.02860811853
386,249367.86784668546
2005,118420.55130796428
2908,133363.78907446287
1814,217703.10600435693
2446,555392.7257021436
208,146149.87810071904
1679,117960.88914599938
822,323678.6076982347
6,187289.18441612404
1781,424541.8026707069
2397,280517.67659073306
2340,302263.67608014523
1618,159472.82736524916
2843,124420.05817740527
1061,379559.9777711271
2786,121153.9636883354
1935,131624.79377187794
1341,113991.35031739037
521,289302.62630109227
2136,124733.75973916132
996,192986.9732354615
227,155795.8480182083
135,159659.8625260302
1167,156370.70422089333
294,226753.23183043455
1776,204990.917437097
540,178559.49302162213
1717,204188.7267987927
2303,121003.26456374937
116,184191.82262384798
127,131134.52112053992
1371,129474.00145072018
1014,175316.73402271487
1507,95747.55650789312
702,137971.6480168573
750,135717.73123815272
261,149363.05373978554
1559,83520.18191092738
577,214560.38843788693
2812,202906.6459861429
2080,155753.06198025565
1368,118716.9904155005
2376,120927.79769687903
659,108493.2051919969
1235,117628.01627447849
332,99179.62162283936
1917,131338.9671110248
2094,259976.65723293577
1460,278944.64356887684
1471,205511.95106872602
1509,121223.21723884899
1922,126121.42258750695
433,570035.4524311533
460,275472.064227196
1116,262311.10855236417
1137,166452.93590596647
53,183638.31024367496
2354,246687.3275308509
1475,203335.40910525597
1761,823514.8357314834
842,136417.32706900116
2739,175695.46028156407
2509,167132.53965868932
1007,219559.50854369623
2610,176045.4321977317
1952,99483.6778678031
2719,185040.39630495274
2921,102056.63579420814
1966,131795.65915937527
292,119716.10019235963
1204,189502.55401960007
1829,243620.90667170208
2419,189866.7835971524
391,158811.7645931436
798,112396.35914971138
481,197187.79499652341
193,190738.31198011417
555,117686.45907212744
899,77883.22078985652
2357,179506.18526962097
328,132696.38698553253
1356,116063.8642809835
1154,113499.10949013045
1730,185722.89457205444
2249,148125.03348654325
1119,269293.13433168374
2856,120473.20160311063
1394,126246.63229744794
2587,121450.58871724682
61,346319.6168960859
2661,180405.70398985353
2711,124119.45512076041
1147,181947.92710525077
757,142017.56446516636
2623,89912.18533245714
2378,161747.8265956614
1413,124381.73667019677
1722,233291.59530838355
1112,214282.38935002827
1623,186046.5334907428
1201,184536.56437721988
1513,114634.71760028476
957,242268.3226987977
1171,267317.15821792296
1145,196457.2866171571
2726,231125.589241559
703,155600.4422279901
760,90164.16243209144
1964,138501.04399399037
2512,177091.02457806014
159,145269.91952618293
1281,163813.9580965029
468,176666.8450383675
290,116847.26584092471
665,108290.79750283727
1463,292002.84857104166
1792,224956.01589825784
923,135643.09892680024
500,276708.3649475695
1408,151485.20446685713
331,93115.19197992579
170,120977.26115715149
2192,100202.71193759829
2571,294631.60414495633
2314,171754.53517552334
2647,96255.04387961132
422,461528.71553687856
2457,387312.1901159984
1838,215733.2072309796
2805,269015.24636430194
1645,157111.77018095448
1711,307157.02026777744
2825,256028.41518583414
322,376443.7305250552
2103,277870.179167477
342,118301.73674625962
600,108898.5704298097
488,195829.14163107946
1725,342373.129516058
2246,256804.8898826117
2847,174497.681470168
806,245721.85893120116
530,231412.55368412635
963,185516.3796934021
2678,93426.8611148365
171,95306.0249805429
2401,477473.75164775486
805,219088.2083777983
2259,207551.17121435268
1748,176965.99999572698
1361,127016.25335951125
1677,123439.06581910791
1406,156748.7065549619
2322,222578.30718572097
688,155234.5879312486
143,128807.05710639145
804,206554.03244517735
1214,151005.78153851104
2828,148586.45027749692
1999,187844.31181805636
2467,197217.46727102096
2665,156701.90175158592
1538,354437.54447389336
398,105628.81987925565
2822,132532.41683514163
2157,155965.99746470829
1856,182794.4370808774
1269,98557.42643445209
2570,117616.20041303393
2320,258355.82016028246
1517,113325.15866141551
2304,115892.55616977294
1312,103183.04794657891
2012,135543.53950540692
506,213700.84475387793
2865,167484.96915278854
2367,113553.86004518933
554,100529.99639289173
238,126871.06042234856
1954,113888.23780368091
2488,132999.95717633463
2291,114143.83014804542
1969,101775.57005307726
2725,155383.73544604445
1482,161280.41780539893
2763,196484.84902758923
503,240950.13982359477
1584,239652.05716307796
1531,146309.93226588075
2210,156258.1151339011
459,354062.53566936025
556,121847.36143874249
1347,134855.5006950665
1290,90992.89174341882
1388,103468.05651010698
1571,191326.89265039182
2754,214211.4042980836
765,123342.96125148344
2494,119991.95158904577
2870,199905.64174387068
7,220924.2931266361
1114,237825.25965197358
2418,282247.21595976496
291,112624.18479181833
18,359891.75315516046
39,356702.75630750944
1001,276012.9998668779
2442,235865.46169523787
616,120469.34795511773
2680,78626.9285196423
1414,114550.29860030765
289,129493.022366093
40,256027.3752140738
860,118623.02204334248
409,133030.99764142523
673,138814.64044231887
2427,185584.79291137122
2036,207970.82164277232
2564,144039.18708400818
642,165896.77703864442
1008,177580.76361637513
1908,135620.20724036326
2519,225023.72180194256
1369,100436.17076585331
2855,145284.49658050181
712,91353.60965810576
1943,100471.93188222482
1958,123764.09023279345
107,159486.51741359755
2295,196056.28805321362
704,101568.59876532112
676,126798.5866082773
259,177706.87451951613
93,289939.2532371368
106,237980.9245753382
2315,180423.6930574723
1050,112272.18904298048
1095,198358.85739551866
2709,137105.68297870955
758,137879.78713248335
1496,160924.37850095623
2370,126718.9897435694
2458,261770.52803220003
2733,137760.30790697614
161,282033.2573661212
726,154222.1699410284
845,210532.59090524912
947,263996.64822794887
2232,108243.03667485452
2563,142598.76908196692
2299,137283.9564163091
211,95360.31101861493
605,158418.6042738554
1478,207406.6462935259
2247,259031.88612042993
2274,188650.84167490812
2869,195632.73289312946
967,220374.5844599618
2656,115490.26024711973
667,213330.28714710675
1042,117626.7800540279
2023,154251.2020643525
2447,406550.38477075484
2055,115380.1971510585
2275,294770.9033133684
2204,155339.55154687638
1563,267771.9410527296
483,214795.83521177224
796,133373.7709395124
1526,142724.09227162108
2042,151455.31896095054
442,351270.9937447841
1693,327217.1980815216
1468,215837.5480229054
1430,180388.54333448285
2605,167126.76527872068
1529,164243.8493722913
335,124870.9384288547
1287,134439.5860215821
31,108535.56995513123
1785,291508.14997506206
82,158671.81164414066
2620,121313.1922702601
252,201254.4023600233
721,89352.72861214973
2165,197229.0281220083
2316,171896.32283879397
775,122568.88965163933
1558,107852.74149381263
17,188794.2473059415
1022,226974.20864267717
925,115436.99151892416
438,296165.7529935671
1270,131233.3617773503
1272,118044.81931381083
215,127396.42470078338
266,221211.33841306224
2402,267717.9600810423
1250,118754.26137210403
1984,117127.9818578689
1279,134209.26948786213
377,241709.71316863867
1252,135553.5533978944
2156,259180.7578874177
499,315417.17900005233
1374,117817.05595946425
2898,257844.65904776135
401,111557.48909644948
2721,179329.9658501199
2078,256576.79031048476
2589,123445.59736795226
1946,222893.45995591793
1334,119475.2092916306
2781,242683.85880217588
431,431436.7725959149
576,213098.3367238921
1474,199437.3942484208
2254,136125.72195926186
2155,293348.7049821591
885,107619.4994793879
643,127736.17896550272
1944,124800.86920769338
480,205902.75006688465
2845,105341.62353877959
2387,298063.53685621923
2407,214437.4422428478
2527,158106.60159926442
2514,162756.58888263407
629,177015.3248201388
80,203510.6252146764
1876,133517.36642854832
1546,118592.15306292319
2518,164452.0817442919
2347,158050.81077666738
783,196747.02513523106
1322,80392.52981933864
194,88658.9772022337
1770,291012.3699480202
2143,140839.4413690135
1229,200320.92637072073
511,280797.446347628
46,213942.02075494622
1348,164456.57231835424
2465,194431.77607461563
387,236849.3921914885
873,209301.21533304034
1918,111974.85469944269
2764,244510.73054687033
2184,120734.09949488816
934,159410.15874178224
1920,122019.5925714997
2631,141328.4606647772
1768,793340.4630581872
2040,121001.4472972911
1749,216846.29134486458
834,214438.56032551875
1457,250242.4957722636
79,122585.97827435992
2302,115648.61274309465
1817,136840.34164653285
2755,240033.38670423103
359,177403.2671475402
2059,113655.5052559944
2092,242330.22136571887
2516,253483.97539235593
150,104224.12679957364
1656,146338.61084203565
83,102784.68494199117
2411,194768.72732966594
795,87437.45621388024
2312,239521.0521642968
2917,108220.20282306639
1624,183801.5739015677
2215,287907.173641139
1211,143244.20566993428
1485,165049.1021032027
1024,166137.0025115214
570,200783.44630870692
2874,133238.31537952134
700,145589.86568224648
2756,218456.65898793895
2022,169397.45220669612
583,224974.29624264623
2392,361426.0749046676
2424,215204.7588216898
212,106761.209252202
736,130293.92334828997
1610,168397.5518910274
890,117244.19250859502
467,182648.14340959
578,238391.9181173737
1747,177317.53174890377
1149,172237.50789648131
2758,232171.62178842182
857,125566.14180939092
2219,260229.84228502365
733,103138.37154570827
2909,124305.35526955494
1798,281536.26774039393
235,118963.09041239654
2366,149858.5663285681
1027,122952.73643389845
1195,131840.9644774353
1303,66956.73126749345
148,183230.06227095518
608,148561.61764256656
2515,190758.89413014107
821,290348.9524445727
2500,283738.3817590526
745,113586.6592914514
741,126246.86967829906
1611,120135.93344514059
2532,120090.15532576264
1081,230312.5757063718
1692,466372.34937755135
2520,179705.5248987413
276,103466.67219325622
1992,123176.47715755351
663,70806.8607348552
418,132169.55084111076
1733,184323.92966919034
2359,138893.65138221165
253,193386.5936755544
1518,162730.84639971482
2035,137331.6987346088
2919,95318.24197352587
1540,232440.00285031562
2120,140842.6775806841
1674,201910.849591715
256,139127.4977937118
2361,109332.44981063892
978,98501.52220145616
2280,160055.71713006322
2095,224214.8045558537
1709,317902.7868396276
2801,230251.3364581353
1246,114933.60338777756
2373,126027.49539124529
1055,272612.3219163686
2017,118375.09096469775
1099,275883.43889830017
1344,96724.57792309375
835,164139.795262117
1117,215481.86740836024
2043,100469.59436203376
2085,126559.09902215116
410,150880.18549621463
2650,110866.9414467801
2867,157198.64165245323
1668,112883.63215300227
1161,177736.29265973018
2122,170624.05656098944
2539,135556.489528439
1047,139818.7966315697
1445,114237.95284093407
541,135034.614340192
569,234584.84167953033
1276,123752.13294884733
918,134555.0102560489
326,175441.3139895459
1936,116140.88843981946
895,98657.00268112386
257,141871.44838733954
1241,176139.35772202298
1545,111369.47741430091
1189,165700.70254985528
270,151437.1813258014
2066,180270.69298250484
693,111007.04605618195
1259,151399.07450723162
2916,141387.79563141157
2321,299054.84159557393
1977,101513.27830304713
1895,150173.0397471287
1240,159164.77680177664
85,137466.4640734125
1823,112762.7978061311
825,297495.80858336855
110,221706.2261127165
697,111289.56140320192
2297,101376.13575470375
1231,128732.22393211846
1355,125600.09313716169
968,340519.3601269399
584,216982.84117621483
1315,118108.06682192188
1606,139000.43138406388
206,111967.34684537389
1685,345363.5228459721
2016,133947.98666381632
869,210686.9050880978
2135,123917.24944477394
2346,166972.0492571902
2430,235689.29378773808
2198,89519.62402625552
2652,115875.50795985122
27,115168.28548361486
241,174329.7407921216
906,120195.55523441701
1506,113668.54920817845
2098,353194.7809694026
1435,211806.72648834015
2213,111410.13116643652
1274,131431.07462374642
743,68950.71992529907
1737,199847.9487663223
2797,280987.16760639055
2185,78706.16900284858
58,169037.34405210946
830,193504.9106718276
808,121882.07932331995
680,148272.91481162026
1153,111742.64329302027
1291,133833.52841252796
1818,154981.90243905463
2161,188524.03360739717
1883,122714.7296761089
350,375283.6023876526
2473,147935.35806942504
295,158383.06659370588
293,188162.70403131825
859,128119.50902361619
288,81844.36084740782
1578,142499.13372974747
102,165059.872046199
2831,177501.12911959377
1030,168271.24815876107
2551,134906.51775317028
1286,148037.80097653775
958,321193.04880566004
776,119077.21401674986
72,212515.09649046315
2263,268451.2519080336
1866,147952.0303325762
2876,83479.97279787516
2146,276928.69717413816
103,172918.9296011825
1500,147861.02552078362
492,179274.7764038752
167,130920.52769949794
2597,122158.08191218512
2685,110151.92809588945
1035,143303.79643217096
1220,71575.12517392299
2602,138743.02411382552
2159,214562.52494289834
695,134570.09446053157
1109,253072.82662900593
640,172485.14017750346
1652,149775.7605440114
2090,198027.92063644345
1188,185742.50784802486
2345,223150.50127680067
1059,432395.9731530458
2751,232755.37003524133
128,200303.41907452626
1523,166435.2047792498
2925,150402.47557207165
2145,316012.0668591636
1121,219298.72406725519
566,329328.7981828186
565,213603.67620082776
1331,128071.93322323216
2928,115523.09187130244
156,136850.5774735652
797,154002.93444197113
327,106261.66237400245
2859,133598.44468727589
1453,112859.03860129068
1762,375424.12511224987
1868,195011.6505817822
1760,184396.53027125736
1113,265725.74708345195
1812,185094.1732540213
117,149998.59149743099
1142,216905.2522892479
2342,372112.85876112035
927,134325.96071966866
2478,188967.8693847263
655,94140.28335684781
2064,120642.7858801914
369,230492.25174515188
2239,117741.05093537761
2732,209788.0808320202
1653,159965.03053814283
959,203977.3082774413
2395,348464.88381604943
1412,102343.0308187496
271,257667.65145639068
1484,161280.41780539893
1497,152988.3537162958
552,161456.09793241124
2,116821.8506314697
1855,290253.14783922944
4,284215.2803313811
2292,162537.96771185633
134,137893.24220625882
646,108453.20070066322
42,324812.82929108955
532,216546.10644273245
713,103871.93849977065
2561,127099.7719324803
2360,131478.54507550117
1333,126637.6852510153
1407,162984.3902351093
2892,287757.87297878694
574,225243.7161900808
1227,172771.96984550636
2591,236837.22438728315
1476,203112.55022819247
1125,261026.69900525923
1446,122122.91133743462
408,112338.30323451279
1101,284417.1066191291
2251,196643.24268532908
373,184498.91800833
2554,120317.57199939179
2382,285154.13389787776
1985,89319.32178013705
519,218151.61988476192
1093,194261.8396994688
864,252866.26976415922
2889,141737.56471519798
2308,184863.5231673601
986,149175.11112995585
1302,150786.67850145578
585,151602.31873313003
2708,137714.82754491112
147,121319.68352812977
1441,220340.2216330026
383,172208.80473044678
285,157017.5731703591
181,110880.2234844074
358,156957.69521677043
780,168599.89469626566
258,197401.0903015352
1865,195719.0552506714
692,122135.82844707498
2902,343209.23007010575
508,271631.6501161678
2638,131870.57568031256
36,151969.7645212409
611,165054.36069274746
2281,124089.31526905141
1678,140463.5795402699
1696,519406.70672175224
1557,87826.49790882667
2180,145752.36410967313
1726,240599.9584181561
951,142800.55303302652
267,241362.51056854296
2706,142960.75801863175
2221,226098.54958701858
1357,142010.52147510185
2901,332763.32016609644
347,176614.39246222514
2164,188372.36769899642
1586,328107.72369056096
360,177403.5141076368
1769,226071.24787068286
2617,149769.44123046004
1879,146686.44579879963
991,225167.14580861176
1535,111726.07475521725
1191,155062.56349576043
1579,208552.14659977643
1882,130800.96194533847
1510,123848.78873419136
2196,137689.04945362767
1845,176349.22300542402
2336,372271.73926108377
942,97379.01570376262
861,120683.05521534005
2555,101758.0649942083
1392,143722.19212962157
2099,284363.2318947555
1543,133869.19581653056
948,275278.09036514367
1239,149596.51065354838
22,179105.70751804343
2796,242658.3342829499
2747,172171.36117845765
92,294556.22856247216
210,167153.38974663886
1858,223336.41032619827
2228,174430.95098210734
447,220907.42267424846
827,237797.82943897662
1649,204006.55070172998
682,127971.56504375392
2698,109316.85067122612
494,166153.36747472393
214,102123.17420815789
2441,236830.04741353713
2679,104826.59946289418
1336,126515.57300589881
465,195521.86656326253
1524,127938.5762236536
2543,110877.66718016908
631,120611.44671481535
2452,315079.174731045
228,149471.24181745976
126,142136.53273628376
1092,213748.37836347363
1122,210871.70250875878
932,195860.97300746097
1980,91998.66066364395
2171,113720.40550413996
551,142482.49540563268
2768,169272.9296786039
2056,107996.13624683347
1159,387590.4360039987
2645,118412.78759911835
1174,168006.49560516232
2266,213839.994388294
2462,415712.6627064832
1219,141230.0942923198
2922,182346.89874131136
118,131754.4101250617
474,193280.97556695153
2576,145040.73751362108
872,288964.07996380684
1077,236508.67656241992
1536,133021.31829398594
1150,125895.38925704599
2341,299246.9243072274
1931,133366.85160630353
2785,128244.3190593167
2538,120688.18440376321
597,204813.34702163615
464,184957.2756047711
233,212064.48448637483
2169,130366.03853091875
2123,161612.46995380404
1867,154502.5060595191
137,248491.11023832817
515,227946.31527264114
933,130703.40960634894
2784,142981.71344846464
972,167255.17858938564
599,156958.64133557669
2614,129158.36923090686
2582,142427.87536791957
1409,154738.0685770712
175,95014.68058517377
352,218668.35190842464
976,107909.10252279413
2134,195904.20314263413
984,110471.37690202384
2396,403771.4104858155
1673,152174.66792014803
404,130456.91212485122
607,163519.25341163366
814,167359.69958455098
868,198449.45696132584
2271,203663.90943934373
1633,236817.9780376622
337,182923.18634227035
2765,145717.69441557763
1746,239648.05158517283
368,336930.910255053
2806,202579.79871455848
1662,175990.5850647845
1234,197906.98335860507
1373,140560.6582218102
1672,108439.14174372173
1939,126698.31757459613
