ID,SalePrice
2658,147293.67162778476
2718,191298.55769590908
2414,177428.1918112243
1989,132145.71168684552
625,172431.02409397298
333,108531.89429286456
1327,131498.96043082868
858,149070.3807858234
95,204133.37123323322
1568,157924.04556687604
2482,176181.406686342
1364,129709.83892539989
2584,160570.28071714917
818,276421.2987979789
2673,175463.41475810867
2089,126750.5772701691
1297,149186.63176358753
790,127593.67724225458
2616,193961.46356547088
720,198836.83887835758
222,132192.52790556522
557,126536.92049363433
1148,207689.06324523175
2766,143763.32139542743
534,162057.99672959428
1452,122695.27396463435
630,134802.3189308948
2648,133934.59870691347
125,144107.96381297382
1904,68214.77428724543
1670,120993.66174025215
756,109133.49552475911
717,251348.08737193537
1032,147549.87266000963
852,212486.6269421237
1731,163122.44562436003
2639,119543.82828244436
2071,90187.95336965166
1267,101414.91044688523
1851,177715.0587623572
567,159843.7464282652
2439,217215.79696347172
1898,153015.7726585832
647,151208.6588341054
2256,217083.3491675851
979,114743.87705685754
1444,212808.92421358186
2485,124891.65785070432
157,132147.23220796796
88,134160.79440349166
2003,114358.92900931196
186,215369.21607674885
1425,251143.13653105978
2695,135153.40006216808
738,109388.71447002252
395,143150.16602927883
1353,149426.82739337708
1878,145470.18670819717
390,168989.89592618585
1456,226221.93565871555
1103,339940.2348812672
1387,91401.27836058836
2070,144005.1190342748
1199,191771.87622348088
2479,177399.95295389445
501,335467.9113628892
2362,108543.1166526234
1718,193131.59480234483
2188,75554.22096101589
1483,147524.45960946262
2557,87734.66171753868
437,359251.21683096257
2224,195511.5277021967
1628,170343.41477065417
397,134823.40973207855
587,194917.15159025125
971,147201.51839594173
2611,145887.53727060976
1887,96217.32280713352
2399,340315.551456775
2148,211703.65115297443
304,123874.97834693087
1997,136835.30206750508
2817,133712.758953894
1431,182867.125851076
427,397113.7802805774
263,125720.05807806204
598,168935.56053117357
2895,244425.78796303985
687,140882.66557703796
1822,128771.9901777747
2191,111336.53923551782
179,133302.37268652327
1009,180004.17410896943
2010,123699.11447451865
1991,153487.2393375067
1411,155631.79281381037
1721,242303.00454264338
1144,187704.63577531703
593,210762.51065394463
575,281696.0069408902
1249,175127.93549482682
1604,124641.53331275817
1064,500653.7023772758
1923,157819.18362983718
1988,104089.16088434169
2325,174154.62700307858
114,202427.8261258874
2700,180219.44376257464
217,131919.05940939867
343,173888.16467400506
386,249541.09832949977
2005,111296.97388665541
2908,145610.8890528038
1814,210768.93973948984
2446,473525.14791969943
208,140539.91609144103
1679,125631.63369979922
822,346230.94214582944
6,180277.72735879268
1781,414842.3588305933
2397,262934.0325354354
2340,315073.66568932775
1618,176218.42488977124
2843,132810.9616648146
1061,353372.3803122423
2786,125787.74565233469
1935,127032.12140416581
1341,108527.45737834541
521,243993.32424025156
2136,136615.88171123524
996,179778.12820855377
227,154655.6121593791
135,159986.40540111688
1167,172504.18316852825
294,233381.31534617904
1776,199212.7702232651
540,156479.73727886597
1717,193131.59480234483
2303,125946.69587551738
116,183090.98087994836
127,128969.86848157232
1371,131905.94393225672
1014,174245.58262933936
1507,87524.48853463604
702,135514.4925392478
750,141731.83337125025
261,150493.75513753705
1559,67774.67624072824
577,236945.51525843935
2812,202097.63675099658
2080,144253.2616941822
1368,126143.44368859501
2376,123327.90934448151
659,107916.33407223699
1235,123666.27127634353
332,91271.75001861026
1917,137222.88771761334
2094,274462.4482459461
1460,282329.3918315679
1471,187807.83667500777
1509,125495.532519722
1922,129570.62119678095
433,499048.22024006594
460,290239.864340646
1116,239593.06408883742
1137,152123.33971336702
53,176812.67028798498
2354,250076.8829062854
1475,192556.5279702536
1761,514986.84247342846
842,147585.85970268602
2739,175840.96994821154
2509,153566.08840914606
1007,206472.29908008815
2610,169535.91234267227
1952,79988.23554631455
2719,188588.70097422495
2921,108083.39399009354
1966,149325.34569520823
292,120768.22232282335
1204,202840.86508774263
1829,252233.44678643908
2419,175184.03568729915
391,162189.2628737924
798,119236.2964039917
481,177469.4580485076
193,212004.72807840205
555,130685.71983955392
899,81224.41607477865
2357,194426.91089581884
328,122211.89281685646
1356,122760.343043573
1154,121179.72394058337
1730,177113.22829426028
2249,138828.49377938765
1119,253515.21907182905
2856,116199.33687347792
1394,136606.93737761083
2587,130161.89536536264
61,334657.212254859
2661,192215.93901199813
2711,128512.74174598846
1147,192973.7533648652
757,147854.0543156208
2623,92202.05178091202
2378,164394.31821029098
1413,124275.7143550794
1722,266693.8979164821
1112,218258.99797345596
1623,189626.70364656698
1201,198661.9268581725
1513,118150.1445125672
957,235130.62904900708
1171,248673.75961131515
1145,201353.10063819686
2726,217935.02436762833
703,154420.4020071258
760,69505.07576048434
1964,138597.3998329373
2512,163587.02807838318
159,142197.4912127613
1281,164921.02875812797
468,168471.16942732365
290,118907.10830228012
665,87311.94888741912
1463,294209.272445059
1792,229866.18466498054
923,141391.01158146275
500,248770.0623544724
1408,166438.7940327593
331,79676.35437258416
170,113772.16276484539
2192,97999.2237004356
2571,270675.5030861689
2314,173936.84884610868
2647,97594.4269585068
422,467142.46425008285
2457,383717.15036167874
1838,230676.52525489396
2805,252185.2684962352
1645,175626.52805497436
1711,322917.39076924644
2825,295488.5500577717
322,378977.38599148317
2103,253510.00062669656
342,116397.23445536663
600,121231.76715142636
488,202375.74151367237
1725,343710.39941212523
2246,257491.38038827333
2847,163320.68151214384
806,236949.42546210348
530,244175.88415342945
963,178934.3667833149
2678,89500.58116537459
171,78844.14946190466
2401,478569.9414037771
805,232519.66098776602
2259,199509.7364064776
1748,168522.04368569056
1361,138319.31392850564
1677,112111.32557608934
1406,142806.98978997793
2322,274154.08736242104
688,147208.74200684798
143,139357.01121538013
804,199953.00162239512
1214,160347.1769113995
2828,148414.7613660397
1999,184985.3220789441
2467,201551.03286811456
2665,175828.5143366824
1538,290045.2991370278
398,123459.67582640871
2822,136440.88524765783
2157,142822.76138214645
1856,177808.0818076688
1269,102817.6101767796
2570,128068.91075141505
2320,250073.28588961833
1517,132766.51130021544
2304,124981.06267230613
1312,110953.90264093874
2012,138966.8880581982
506,216024.49797069636
2865,164636.16966634378
2367,97954.81240527518
554,91316.90913646537
238,129757.38386769973
1954,119084.00082689122
2488,157051.72763065615
2291,112306.48766448653
1969,98330.85036065182
2725,154982.8405801739
1482,147524.45960946262
2763,193310.72255663664
503,244432.5041341172
1584,226390.6653842391
1531,158844.28026578028
2210,173813.4040419984
459,350529.29362606595
556,135854.4889348363
1347,136235.2565516335
1290,92187.44467284666
1388,123008.85693758179
1571,176969.22195859905
2754,216385.0132880652
765,145828.62019118277
2494,133554.78037789383
2870,163612.18674093654
7,207184.6355002926
1114,216550.207944755
2418,292665.41570738645
291,118098.68933498683
18,370751.7167694719
39,378723.1612869389
1001,287119.8422219375
2442,232442.0430425695
616,123002.81057387496
2680,75342.78301563431
1414,130922.60251415276
289,142023.89870011833
40,244009.54914039403
860,129678.74921979924
409,132797.0670861905
673,144006.1518584046
2427,176328.103941339
2036,200875.71979299182
2564,151557.7416740939
642,154769.78899386118
1008,191110.97676021565
1908,135200.57990549607
2519,185046.14611173535
1369,92370.43257835685
2855,167971.20501143156
712,84325.86544364813
1943,118713.15262306073
1958,119462.10804164421
107,139175.79285927385
2295,180523.5203872874
704,108659.41503302944
676,125296.01254662353
259,180417.617980678
93,299841.5589510327
106,242730.60481365555
2315,190843.99353706714
1050,120822.38105545013
1095,176730.56428860305
2709,142017.7635490417
758,153451.57569954926
1496,160196.54762357814
2370,112988.41203263648
2458,316823.9625281726
2733,133125.1040980144
161,267845.58346602507
726,152048.27816146414
845,200120.83909676524
947,251607.36751817312
2232,128428.29001200093
2563,155475.1313888767
2299,142255.71861836946
211,101433.07213833193
605,143649.6207393663
1478,188764.36944857283
2247,254899.57309904616
2274,168526.2034272877
2869,177195.38542367404
967,223268.5849040184
2656,125413.49427505379
667,197345.0487072636
1042,111999.84871357975
2023,163414.49935219754
2447,433799.361981793
2055,120628.04284335651
2275,299349.61618860555
2204,159377.29548645578
1563,278141.89110774687
483,212718.09417004927
796,134107.4082287799
1526,145373.17874818266
2042,158186.26422105386
442,348542.07617781323
1693,334876.387472729
1468,213265.76630560082
1430,185319.3051558401
2605,162231.33034036946
1529,189194.4585270467
335,135883.55714402036
1287,139939.24490223173
31,111391.96016693
1785,293456.50122918637
82,167509.99972536898
2620,122194.79902020046
252,211206.05483235387
721,62842.06532233919
2165,188874.96844026019
2316,176845.14767523896
775,135341.2996900896
1558,78518.01640903254
17,203691.0792511784
1022,219919.73086314742
925,114266.05203008838
438,280516.9021395204
1270,136450.28852116864
1272,133532.0981525974
215,141533.30586613063
266,215336.35151434998
2402,256793.84480572242
1250,123023.74128777368
1984,130445.00833386993
1279,137577.36448338738
377,269543.9483910214
1252,145235.0684668164
2156,267910.31756575895
499,311138.5667713224
1374,118859.22503152885
2898,264361.5620173793
401,122936.00282101902
2721,175823.43425444342
2078,241044.1230275021
2589,131272.79922273822
1946,210642.89080484738
1334,123161.13863264638
2781,226848.98630655388
431,429650.6097544464
576,182286.90549687395
1474,202466.85953484758
2254,129063.5074777807
2155,260860.17203764172
885,97475.1554944096
643,124337.3748147921
1944,133220.46573331245
480,186024.30570942938
2845,109636.71359325391
2387,327129.15217731084
2407,201010.0134605935
2527,157875.17211335222
2514,149738.4966712734
629,165387.48668587607
80,206385.04441930755
1876,136856.36568785916
1546,128035.64964679464
2518,171817.94952291617
2347,148936.08142696717
783,191447.47275548166
1322,76828.14825736439
194,75638.47318310259
1770,300655.7246808055
2143,135962.9901243299
1229,206357.48484455608
511,255014.74605006908
46,211638.4532949773
1348,174757.96959292784
2465,189361.91646811587
387,242410.45366893106
873,197840.43980955204
1918,128402.9353951467
2764,237260.13171140093
2184,133816.77433450962
934,137407.0948674326
1920,136628.9240984595
2631,153225.0079807124
1768,518369.2426477664
2040,132314.8184186051
1749,210478.8475532812
834,224821.01054601025
1457,247708.340634268
79,116528.40882620908
2302,124164.45398257382
1817,138161.28910013373
2755,234364.2037244145
359,174949.12591747154
2059,120829.67718389134
2092,236983.40560573505
2516,245483.561795467
150,119869.30750182673
1656,154898.54503932796
83,111004.14644529473
2411,188283.68631193208
795,89676.99257507385
2312,238386.2532246291
2917,86531.25386641693
1624,175337.05282689512
2215,235341.23374466845
1211,157556.24189196745
1485,147507.3490578259
1024,161046.59199879333
570,200535.87446564637
2874,139621.88054825005
700,154877.28201696073
2756,217999.02734606562
2022,176706.14744638416
583,214188.84029332263
2392,344318.5396560033
2424,199049.01093984337
212,112521.1758053446
736,126924.68571374338
1610,161902.31790637865
890,134704.50735880548
467,175061.9878502997
578,227282.5528278593
1747,171106.17917719847
1149,176625.43211839095
2758,234545.8252926838
857,133570.04801552958
2219,236098.9625949899
733,107069.00131959193
2909,127106.22933118121
1798,249158.31764462654
235,135093.92475859594
2366,132393.25400695344
1027,128481.73015234632
1195,139286.92894869077
1303,63945.45772225941
148,162516.78858185676
608,155167.70304251867
2515,177537.9384487862
821,300113.34955895547
2500,282045.65347810317
745,119376.04023025367
741,136580.07217072204
1611,129941.75370628292
2532,133094.86493672183
1081,207848.20006025655
1692,456565.8685831169
2520,163905.1412188956
276,124619.92902509446
1992,127598.93452221084
663,67573.52014707391
418,127587.58073033567
1733,177963.30677047858
2359,146754.00731732714
253,209025.5140645757
1518,166100.26606243147
2035,140177.35206569973
2919,93171.70221118572
1540,234999.0556558624
2120,146075.88791430494
1674,187226.74758795346
256,136578.52216126295
2361,120031.27334511958
978,94240.74476794765
2280,143825.13291417138
2095,218915.63392641576
1709,325534.4713038623
2801,235958.83547585498
1246,112960.02334638832
2373,111731.69898722743
1055,279828.94990133034
2017,118556.88369015172
1099,267202.1483444911
1344,86854.23255455038
835,181437.3914273262
1117,213220.3948610384
2043,88820.863039494
2085,132937.0196408148
410,158851.52325027145
2650,112160.97330562011
2867,162988.10007696363
1668,120223.17617318495
1161,163391.12909287942
2122,180236.9226438174
2539,139241.2239730473
1047,139614.60289909033
1445,128773.94690467617
541,142979.80579116347
569,247860.45439053484
1276,118895.85897256427
918,123010.8294454979
326,189457.47520017598
1936,125129.41321456876
895,114913.93296015034
257,141453.79536707944
1241,172766.58309806636
1545,120273.16277540475
1189,164759.1471033666
270,144383.2411747596
2066,184311.40942126376
693,120082.28559171301
1259,139706.20321754264
2916,155242.56785088396
2321,302439.87346337165
1977,104819.1931279008
1895,160428.3400009851
1240,164431.8258951239
85,144515.7590311399
1823,134391.97411260704
825,279575.9937330568
110,219140.04496802358
697,125945.10460159495
2297,108360.46419231678
1231,137476.48214928916
1355,133471.76246291414
968,360261.54676839535
584,211354.72612545962
1315,126962.70122153158
1606,138163.66366476327
206,123098.32968378658
1685,354939.57429403154
2016,139284.4954042408
869,219804.32208391576
2135,127768.023444677
2346,171203.05819774015
2430,228900.9321234696
2198,84746.7660797232
2652,124665.36983144612
27,122603.47697912226
241,200812.5257019468
906,118424.28818578071
1506,102342.0043757179
2098,382223.7513876359
1435,201264.04819993506
2213,109762.04128253939
1274,134863.90205344363
743,56946.2410832893
1737,192795.70407537508
2797,263942.0666070283
2185,82360.38231130627
58,167540.15786872333
830,190227.38135485485
808,126406.57532516052
680,142058.5319807052
1153,122485.66365993673
1291,144829.81082380985
1818,153209.48396683828
2161,183260.31577824012
1883,136227.54212994277
350,367632.66906796047
2473,147419.6923507061
295,171479.30524327105
293,182890.97385480715
859,124580.4298699222
288,65158.83788805231
1578,159567.90898159612
102,172849.30895695198
2831,167056.12718563704
1030,173088.64200476874
2551,140238.47399376184
1286,131750.7738307983
958,297175.03668934957
776,133298.23823454158
72,191122.2897566165
2263,254311.08354401652
1866,138479.2032158183
2876,84205.67446295549
2146,282675.50084941357
103,165129.04979404184
1500,147206.05981340975
492,172935.04922323962
167,139442.39619496086
2597,124106.7598194897
2685,112863.47349138932
1035,138045.98259291815
1220,69265.79928647305
2602,156466.72567382
2159,209294.3904341091
695,140700.25211926762
1109,247096.76652152068
640,167634.51543862777
1652,146261.62900153454
2090,195675.17622455215
1188,194575.10608352048
2345,230404.7146788142
1059,454681.3420928283
2751,239620.08208085448
128,186831.39361607126
1523,187243.4213713245
2925,140978.9941655748
2145,361734.5719512192
1121,222418.3856610775
566,337007.29315748083
565,210072.14655630998
1331,151945.35547251187
2928,125580.87630120938
156,143196.586200455
797,158508.2483690184
327,108439.9777478451
2859,142900.4411695674
1453,123433.02442206381
1762,349683.60795663524
1868,201102.59509602966
1760,179168.54867681323
1113,245782.33351541584
1812,202430.52796889405
117,157091.8846569581
1142,201386.68310102564
2342,377150.9930734682
927,125543.12273756714
2478,208684.99774806708
655,92388.81563319705
2064,126279.71066724363
369,214860.56034345817
2239,115479.50936827325
2732,209050.695593797
1653,173995.47411310617
959,210089.23653086025
2395,349007.69286788127
1412,119084.21621904374
271,249630.6934641935
1484,147926.05951021836
1497,147434.93913768177
552,182066.30486895822
2,125500.71561391985
1855,298763.2523574193
4,265033.22356423916
2292,145733.40062584114
134,129006.1789167185
646,118336.8619648107
42,322671.61802893976
532,225942.55054620368
713,110176.60787402124
2561,123867.98453290915
2360,136518.23671002552
1333,123371.61470621654
1407,177812.78281040327
2892,278712.95592097554
574,229032.56885779477
1227,165845.36842858169
2591,214527.8147264195
1476,190500.72578139167
1125,278517.10143310553
1446,135374.1855796581
408,111988.8367335551
1101,282104.84747748915
2251,193544.69517400654
373,192662.65449805965
2554,119905.41455751799
2382,255789.499959912
1985,98440.28624336877
519,217866.04328908474
1093,202284.32710985004
864,267676.2375536222
2889,141115.18713392082
2308,170536.14081847624
986,146739.27421311126
1302,142772.73018728144
585,155965.52643403315
2708,134433.74503909942
147,129934.68449372172
1441,211661.7243019907
383,166547.70169848294
285,158447.45526122
181,119717.23850893154
358,167499.8746691653
780,151746.7915536115
258,200157.34471237403
1865,181419.86079377585
692,127260.44065742253
2902,382342.61810740567
508,246174.55895331965
2638,128577.0432928189
36,160257.42985237483
611,166127.91529299965
2281,131513.55123277343
1678,116017.15417844646
1696,476082.3325511873
1557,81768.40622449553
2180,159164.74803235446
1726,228619.87420239687
951,129875.87874272728
267,243263.3272077295
2706,140098.78495259667
2221,201222.79677763363
1357,154643.72272175652
2901,363374.3582305169
347,169318.2747862441
2164,186394.70831544825
1586,329852.73497166386
360,174506.67776820058
1769,225856.61321083072
2617,155481.28803110786
1879,140441.3543265305
991,208809.28399313468
1535,115788.23350018846
1191,136893.57406349154
1579,208568.0901823611
1882,136211.27676305984
1510,134289.59232484095
2196,160282.99241358635
1845,172228.127250582
2336,429619.01283571444
942,92564.52796063805
861,125144.57329856112
2555,111379.32631559554
1392,144903.3142367841
2099,257356.08561804675
1543,127591.3124990468
948,289640.51701691793
1239,158717.7592502972
22,164769.57641680038
2796,221054.09674895808
2747,175370.26744994833
92,299633.0956568122
210,165620.21052636855
1858,192957.20664930987
2228,170833.21983504968
447,216399.78293143344
827,228426.29002915465
1649,204182.11265393678
682,134055.71316437703
2698,119225.05620019787
494,167053.4906344431
214,106239.86074607278
2441,245609.1515735046
2679,115945.65809693544
1336,120549.17743230013
465,177126.8443367736
1524,130053.73580863817
2543,125086.45849305815
631,131591.6278756754
2452,320430.5817128374
228,156399.9464534119
126,152001.30915933492
1092,210122.90318079194
1122,209291.8920699168
932,180883.19869257044
1980,104538.38314350737
2171,122443.52355351431
551,167051.06411611635
2768,161145.88977376907
2056,122879.14195321125
1159,394516.7778235329
2645,134434.28447141667
1174,164713.26261867507
2266,209785.61637191253
2462,465396.24421204237
1219,137081.02374734837
2922,189205.2270496302
118,150750.9757946624
474,177677.55863642407
2576,153835.00500452422
872,282489.8445330852
1077,217645.10512007048
1536,127967.03045107664
1150,135755.89153867346
2341,259843.74593397585
1931,140951.04931956224
2785,128565.14575842935
2538,127716.73746365927
597,204410.36535733356
464,167160.4930749983
233,211591.1687984434
2169,127604.54239164633
2123,153908.8145859672
1867,158958.47786290568
137,253092.79179962655
515,225256.4859442013
933,125934.55172036008
2784,159434.24430683142
972,174586.76897592703
599,169064.17391706235
2614,125661.96710061823
2582,139133.52612271727
1409,165616.12850102363
175,106935.92122350982
352,220335.34927731976
976,95204.88641662967
2134,193129.88943148803
984,112845.75808766212
2396,358383.35138197383
1673,137577.31408447452
404,127177.86634356019
607,166926.14253635556
814,148763.13152324024
868,203398.87458233084
2271,190511.48846174084
1633,242331.1675728245
337,192372.71261420098
2765,145073.0274207741
1746,217190.9612650321
368,378448.9079848888
2806,195300.50779350105
1662,189508.1938050438
1234,203039.75235097358
1373,138142.6266877985
1672,121852.37583455862
1939,122623.19121014788
