ID,SalePrice
2658,146631.2160465655
2718,181714.75707770206
2414,188163.67812985007
1989,138965.45658847128
625,171335.74879353718
333,96631.30734826958
1327,136190.83997261224
858,153521.42446779422
95,204808.24303169665
1568,162341.61249181052
2482,170225.33278243872
1364,131310.730694336
2584,160103.44156137054
818,286001.94217566797
2673,161805.68298320757
2089,133467.73216499246
1297,149530.15949002348
790,131481.59181513972
2616,200448.4964227999
720,197474.684627949
222,142391.05038581503
557,124466.87838178294
1148,206109.96966322116
2766,139531.7387213932
534,172574.547483896
1452,112995.17132174887
630,130363.69740145067
2648,127310.46934360986
125,145723.07345361076
1904,61608.88180360207
1670,118000.19648470923
756,109876.87195841086
717,270131.3005306135
1032,149734.7417667323
852,211333.5326356259
1731,167956.6064354393
2639,118278.34333047221
2071,86784.85845166899
1267,110510.07981888286
1851,188390.95007315133
567,165814.69216967007
2439,204471.04415068615
1898,149964.32496475137
647,148406.4019483576
2256,230293.1785411775
979,113771.53780118555
1444,216008.55722359935
2485,127644.1391856448
157,139932.91566731862
88,133890.65873942382
2003,109129.21417756667
186,229132.76324362168
1425,258326.13889761042
2695,140495.3215374031
738,105678.99310623958
395,150057.7398080359
1353,154692.66603115975
1878,148106.17632751833
390,168352.72189454405
1456,227601.58080989125
1103,335408.83481855463
1387,112315.69874053613
2070,148977.82362425272
1199,176852.9228201076
2479,174963.25521903366
501,322779.3971058677
2362,112630.3967378438
1718,185219.58479911735
2188,75590.54365931697
1483,146735.89632774956
2557,88139.82233642173
437,339481.02522113145
2224,206490.2280493951
1628,164552.29310736232
397,135937.87586998194
587,188723.16745511282
971,141554.03376083836
2611,141856.70775740105
1887,92768.14366920081
2399,343483.92886029696
2148,212008.05869893063
304,129176.85297164346
1997,131839.09588288973
2817,133755.01629034564
1431,173272.1018773432
427,397497.2234665971
263,124836.47443632573
598,168775.77467852985
2895,237277.29761458377
687,142542.7389935332
1822,133787.35754827588
2191,114456.11345989085
179,136144.62752488375
1009,177630.00615664027
2010,124208.73221676807
1991,152427.20308279872
1411,150403.3614713473
1721,239763.35876037346
1144,186947.8318611108
593,208739.56546880942
575,269279.16335875704
1249,174297.58744021677
1604,126847.26857492744
1064,477236.9339713447
1923,148755.0623280462
1988,106588.48564539649
2325,171968.8644395059
114,192722.4458934708
2700,187585.06098778677
217,136095.16710955312
343,178754.27438541196
386,245966.07101463346
2005,111579.84506351744
2908,146338.08706611325
1814,211345.21901376697
2446,472473.02309252985
208,133362.1523697912
1679,120994.01371177296
822,338851.1189782737
6,184386.54840524198
1781,401953.87254615384
2397,271227.34929924033
2340,314975.0329447218
1618,175515.04955740846
2843,120000.42087258433
1061,353262.01230229664
2786,125140.78999313613
1935,138716.75416081073
1341,109303.41888055386
521,249775.74245396405
2136,128354.72285347273
996,186917.41249830616
227,146729.39280511686
135,158143.61788112103
1167,175262.83611462993
294,231894.24899413987
1776,197741.56132461983
540,162201.3681127824
1717,185219.58479911735
2303,128375.93491935846
116,184300.42939165476
127,138606.57269839328
1371,136149.20570246136
1014,168196.320924515
1507,89364.49508207774
702,128214.79948741375
750,141198.91793262222
261,145378.06686274934
1559,66599.00233648243
577,227588.97641118924
2812,195363.40147491937
2080,137865.61393587966
1368,130023.1126021485
2376,117015.08481368357
659,109618.47393013389
1235,129725.83896884999
332,93810.19684940549
1917,139519.9413039703
2094,271956.07608643145
1460,307850.60179903527
1471,193605.5369709112
1509,129183.22309368427
1922,138984.10628336977
433,496924.43861543055
460,284455.0759105721
1116,239112.47336107882
1137,155555.85796194733
53,174207.92365090243
2354,251956.19454647193
1475,195118.8088517142
1761,487001.723805013
842,147551.99333790783
2739,188652.7315577402
2509,152438.68099401996
1007,206811.07233034546
2610,173931.32030905964
1952,75913.02571884484
2719,176371.9651796083
2921,97507.0619785685
1966,136329.59832406227
292,113579.9446252632
1204,191483.10047290308
1829,253063.58635968372
2419,176455.16332039877
391,166751.290879397
798,119121.92775953177
481,181419.44974254523
193,218415.0153531384
555,125890.17848192928
899,70023.03664908378
2357,186446.77571883536
328,121944.16166539243
1356,126624.77458782906
1154,120626.79541301962
1730,178267.72891761892
2249,140376.35556445894
1119,253792.85995795327
2856,112030.83806061145
1394,137034.41496189142
2587,128494.1160889883
61,321497.74039968784
2661,206074.17295119533
2711,128101.22166541306
1147,182994.6258283012
757,140584.91980330687
2623,90628.12921716906
2378,159047.82059622474
1413,132141.80283254565
1722,248408.7929541645
1112,212214.06576643678
1623,185845.05520200616
1201,188789.94170464718
1513,118753.35273707358
957,243377.92426002285
1171,248305.6631126822
1145,193987.55197995226
2726,207847.5681760769
703,152500.87856624677
760,64104.194304490964
1964,142252.44418637778
2512,174666.66242895936
159,143759.86132973366
1281,168295.0713069872
468,169244.06827496242
290,108622.41436153642
665,99214.48265277606
1463,294981.289946698
1792,228296.12444013948
923,132177.01091038456
500,255123.74774213522
1408,164184.45065151155
331,80637.327795886
170,104892.54529420454
2192,98346.88092828069
2571,276981.2638587335
2314,170510.9762153143
2647,101761.86737086908
422,462203.0305995305
2457,386490.03938337264
1838,211515.50898471408
2805,254948.3264567928
1645,168069.56075965406
1711,301782.5608190026
2825,294357.26636597293
322,387385.91945965565
2103,259690.0530457947
342,114342.2938810873
600,109516.66601184744
488,201237.86910808046
1725,351100.45289473096
2246,258690.3251206065
2847,164647.7528720403
806,239831.2858897825
530,237992.37957012755
963,175738.63903201613
2678,89013.91881654208
171,88545.41071814821
2401,456132.3346295965
805,233879.2028283186
2259,204206.75918474622
1748,170167.97235648418
1361,135848.82827314988
1677,115982.3024419395
1406,136628.6538609334
2322,277711.9614524626
688,145703.7244084857
143,130509.93810077728
804,197818.1070027796
1214,151925.97368042127
2828,148520.10186867483
1999,189954.98633201455
2467,207773.06011158408
2665,173907.37213828653
1538,265781.78396217746
398,120544.17141115048
2822,135576.4586181363
2157,138020.24538117336
1856,165149.09417779927
1269,102091.12802976837
2570,130178.85265947481
2320,242521.04600497687
1517,131847.40540165544
2304,122320.6522676001
1312,117622.29793801467
2012,137947.21112197812
506,206658.8647255844
2865,170171.29382430718
2367,104115.74393963088
554,102409.15163449936
238,131537.24163298955
1954,121506.35465302638
2488,137102.7067349597
2291,104375.25677486349
1969,96927.72536180083
2725,155990.90318545554
1482,146735.89632774956
2763,194938.61406131057
503,239096.99877663376
1584,233398.75316898397
1531,153652.19364975096
2210,168295.8174817786
459,355135.7735891434
556,135930.47816896
1347,136952.04141427283
1290,93293.4829219815
1388,122360.48656153618
1571,181212.70879616827
2754,210608.5833839935
765,141809.3116943418
2494,128157.67284609748
2870,163789.10166179118
7,206438.1549997839
1114,232505.00281047332
2418,291157.4728943898
291,119527.30147437357
18,364199.36196452484
39,377192.9686368285
1001,267705.4928698242
2442,234261.92169823602
616,122201.56309489961
2680,76158.25875201049
1414,122260.36356205434
289,140678.71320651812
40,238964.44223815377
860,130547.67772656423
409,132416.80906210197
673,148914.1039145627
2427,174079.4942563776
2036,212014.0944633426
2564,144703.7855496412
642,175990.85124503644
1008,174017.26547020135
1908,127572.91759010346
2519,182894.7362000885
1369,98999.0211125958
2855,153520.83380933246
712,89469.05233252975
1943,121817.14652973747
1958,120426.64180938476
107,140925.08299599175
2295,183100.1628650749
704,98186.44747294948
676,125550.62292774518
259,180813.7435485695
93,286600.50264455046
106,240211.86155735733
2315,196544.1734839516
1050,122155.82506534766
1095,182060.34962848978
2709,147921.39944242383
758,151015.04967851783
1496,161762.49639305047
2370,115836.87579312742
2458,309178.9496789689
2733,138644.0645785059
161,258760.65874183242
726,156279.816755837
845,203206.09512974936
947,249493.56607132187
2232,131119.01850650122
2563,152723.11775734244
2299,131448.5991021019
211,92744.13160652008
605,141110.85220627126
1478,190977.00129465142
2247,257186.23868784728
2274,177399.4978054883
2869,177996.3972532826
967,216547.87039382398
2656,121134.34317996388
667,198818.59954033405
1042,105997.40228416912
2023,156884.1952899438
2447,408142.4687408903
2055,119906.8143243041
2275,304775.72175747936
2204,155365.35436506488
1563,270594.7810928494
483,213390.52880698166
796,138604.4361740033
1526,142988.45008598783
2042,150723.36025299318
442,342046.37558898376
1693,334139.29084606894
1468,210593.49371802277
1430,185401.37207052248
2605,147109.03968339338
1529,176021.97183933595
335,132579.33194186562
1287,144448.1561572343
31,99396.2397247357
1785,299202.3071043894
82,160854.73876259866
2620,108817.00559166595
252,199306.77824527601
721,63491.52201847172
2165,181754.18467479522
2316,178703.3487048462
775,132928.33067509648
1558,71597.2804099741
17,200498.90363831402
1022,222180.3259060356
925,102208.29415670969
438,290687.9110031638
1270,133209.15055243482
1272,132426.71155887068
215,136685.2262537033
266,217921.57888964686
2402,256760.81500099614
1250,119946.80749678332
1984,134150.7204074215
1279,134630.55245373762
377,256351.72401451436
1252,134702.08237014108
2156,253011.80645911366
499,293279.43040132435
1374,120209.46033150362
2898,266068.5961941085
401,121234.1227628855
2721,177649.84248836068
2078,238635.93426447106
2589,135965.1889744595
1946,206355.7148121158
1334,122281.42168748208
2781,226605.4107960213
431,418214.93492732645
576,180380.5284750254
1474,196864.2573845586
2254,128662.89134735092
2155,266067.0304807642
885,95032.22169617435
643,127897.86607337049
1944,134937.24492966724
480,188210.66158542995
2845,113938.28882829928
2387,318785.0736579361
2407,198516.2699248439
2527,161736.55025820184
2514,150995.81817853148
629,159131.3235248992
80,199180.8239689612
1876,136266.39532084425
1546,132722.2646017261
2518,163324.84383452422
2347,152625.02280883517
783,181502.03525284427
1322,59510.04073806998
194,71919.35042355797
1770,301673.64238294127
2143,134860.42928704756
1229,209933.49085514178
511,262337.3784237593
46,209374.82381762998
1348,174297.43817573637
2465,194030.52159664937
387,243088.0784399638
873,199224.06033885494
1918,127663.04809783706
2764,229405.95075134744
2184,137648.9858257437
934,136929.60169263542
1920,137609.4530066297
2631,149696.09814257536
1768,502098.40865217807
2040,124594.36985707674
1749,203610.59918479036
834,225772.8342715241
1457,244149.1945747883
79,118250.57250032383
2302,124782.39195807409
1817,139578.70405495825
2755,241756.33528946876
359,171786.02251109757
2059,121254.87752848204
2092,235334.26406148856
2516,243989.19264290904
150,117796.94726745968
1656,149874.87211876613
83,107759.08001634659
2411,179997.97131566482
795,88291.15530425009
2312,223485.59698214685
2917,92337.6978383544
1624,177347.4082613454
2215,241993.31273978073
1211,150784.40891311583
1485,145326.53316100413
1024,155270.73369700304
570,187092.67552528804
2874,132971.28521675567
700,147427.2806781017
2756,220604.5706512851
2022,193862.56651325533
583,206779.77541863968
2392,336162.9275999439
2424,205135.33972508833
212,116587.52707464296
736,133558.3777170598
1610,169496.1735815347
890,132128.43983021466
467,173007.05946486947
578,231252.98563636665
1747,165497.33323684562
1149,168586.79775728934
2758,242141.41277326553
857,135435.19707963592
2219,250706.72527599052
733,101950.7120859672
2909,117694.57327079862
1798,257177.1752184289
235,128382.68230880256
2366,134746.16416709518
1027,124430.3542453832
1195,141513.36966782194
1303,49010.74454697151
148,164492.73771418998
608,150135.29963351428
2515,177473.38041156638
821,300235.70842941
2500,275014.5220020016
745,127493.41152787756
741,131570.30568222675
1611,128302.24368192209
2532,123463.58390612276
1081,210772.4880536318
1692,469839.3321225897
2520,160783.72735712538
276,119379.59007552713
1992,134154.43639628642
663,64093.71113581542
418,125357.35352025421
1733,172909.58294171
2359,144763.95513468902
253,195620.11574189967
1518,162381.82116032334
2035,139227.47736881243
2919,97026.28751203904
1540,228127.96921553486
2120,146124.96523884134
1674,182812.48703902413
256,137157.6443413006
2361,119705.13852430222
978,90691.14995511067
2280,144725.11779783902
2095,218123.7268725435
1709,331375.37105611403
2801,223789.57584761002
1246,114189.15055182813
2373,105001.89076346389
1055,281025.17550780775
2017,113306.33752401233
1099,275954.4353421813
1344,88101.11259866373
835,183085.65243288342
1117,222737.40671326633
2043,86737.76099834258
2085,135546.30701225944
410,154670.7418278875
2650,108461.19590671231
2867,160119.82558386473
1668,119898.311172352
1161,164521.73549461146
2122,173021.01159153623
2539,143952.5288546129
1047,141789.71402785354
1445,128926.03908021844
541,146333.0994231803
569,236011.25560815964
1276,118210.28171160891
918,120641.90240921688
326,184280.85887548557
1936,129565.82236679364
895,114067.18456811289
257,142865.00493030567
1241,176418.81573359502
1545,122401.08535023937
1189,166804.48970125586
270,142815.78320103028
2066,186200.85748137266
693,120903.846058483
1259,129023.18804042898
2916,154291.56925088275
2321,287109.13046252896
1977,98419.09807912174
1895,160480.44581985654
1240,158048.9248819948
85,145922.8533793904
1823,130714.90148536403
825,255039.2814856842
110,216632.84394896898
697,126160.81199665315
2297,114229.85701184647
1231,140262.84598116594
1355,133726.770542735
968,355943.4739046794
584,195793.38653597506
1315,126640.35651042288
1606,136570.01277576532
206,102728.27898510889
1685,347586.7566817454
2016,132801.78477177856
869,222876.7191294526
2135,125328.31739317373
2346,166159.09582617332
2430,216574.1474988527
2198,87615.66789620789
2652,125517.21966053685
27,124259.85671946964
241,180175.27853689666
906,115919.91298847384
1506,101267.95878493525
2098,384381.09308512934
1435,209132.62948586541
2213,110438.79009954631
1274,130370.24549828465
743,56851.99776046897
1737,197494.59530562625
2797,272117.4180235818
2185,84400.72943071974
58,166796.74304765183
830,190723.74662729347
808,121202.28538001381
680,145901.29005689974
1153,117673.08375689115
1291,142859.21078957047
1818,135315.59987006072
2161,179121.82910783478
1883,133927.67862784612
350,396869.22795953887
2473,145777.34125965304
295,154579.6173867836
293,183608.7606812643
859,114170.21501268573
288,67333.3327517225
1578,143914.13027556104
102,175648.40817846765
2831,176940.09146146936
1030,174951.16846890183
2551,132254.3685426702
1286,132241.1920598472
958,320432.2010198996
776,131972.39208830943
72,195807.17700088533
2263,256309.54494519997
1866,141200.71659534986
2876,84515.80414187656
2146,274230.36115038773
103,172473.44247824757
1500,148315.79450774883
492,179595.90323833755
167,139780.90687308938
2597,129975.31538974523
2685,111352.81933242794
1035,140964.04825830966
1220,69419.51393719378
2602,152833.54481541057
2159,199958.09301952444
695,140840.10651921196
1109,246019.02446563568
640,169060.20800788506
1652,150790.91824788533
2090,201876.36220131748
1188,185618.9457239149
2345,218062.15611025662
1059,446854.9339501108
2751,233364.131145272
128,194539.03210208856
1523,172820.15784637546
2925,143305.79336701776
2145,353801.5910981897
1121,214549.32871191244
566,318739.7989247069
565,211819.6231432347
1331,146425.16358357857
2928,121574.70167672054
156,144253.36940996375
797,151962.8097942023
327,98880.3196752161
2859,137131.54517831118
1453,119766.55312253887
1762,342141.514251725
1868,200685.56350491339
1760,181312.92492527683
1113,250503.6380609007
1812,212545.0664259887
117,152569.6075489822
1142,207745.58113739555
2342,382825.18724497216
927,129028.27397613115
2478,210325.39577148415
655,87057.46051445944
2064,124942.68978434618
369,213526.44150310624
2239,114160.55702938663
2732,211457.43753541206
1653,165635.28645412045
959,212860.67780201204
2395,327196.9189470326
1412,117367.97207587525
271,248838.2663103292
1484,147249.4842454401
1497,144241.2846350473
552,158447.01906161
2,123985.63308448522
1855,287078.58159305924
4,261756.23804237822
2292,144414.39743558425
134,127313.59112069325
646,114511.70237242129
42,303089.924725825
532,211219.0359484345
713,109396.17130413874
2561,125201.6476175097
2360,140559.72847507772
1333,128791.54443822667
1407,178428.35465651474
2892,276935.02738399775
574,218073.72723180382
1227,166587.1141192613
2591,211529.11451937148
1476,193039.40569326305
1125,287029.2121120138
1446,134588.9687514413
408,112980.08017273255
1101,294911.09443081816
2251,193702.5463593785
373,192010.18417301716
2554,121214.11726684019
2382,253284.32784186932
1985,96239.2239610602
519,219241.91363105577
1093,199052.02375310843
864,267428.12498293736
2889,141995.5206300277
2308,177318.3459239973
986,147276.50399772852
1302,133118.9943841744
585,153307.88569988674
2708,143945.47697486257
147,128777.19368748364
1441,209566.87804459463
383,165962.85315094903
285,155895.29320212288
181,121154.66355258516
358,169689.76315513987
780,152334.6194318407
258,195925.85303984408
1865,194221.63725024753
692,131591.7958214959
2902,367292.68694332056
508,251040.76684941954
2638,126341.66601185597
36,150613.20067104654
611,169246.40444620294
2281,127080.92278091452
1678,117292.89950596644
1696,475051.9206272553
1557,93685.19841777062
2180,160455.21312365725
1726,234502.58269561105
951,126971.13151646468
267,231978.73014259088
2706,142673.4882535252
2221,222200.54469088785
1357,162279.49561154487
2901,357110.2674391626
347,169989.82339985488
2164,179613.6262983037
1586,303896.5078958454
360,171037.50328867618
1769,230998.59607386077
2617,139960.22362218253
1879,133069.24957267212
991,203778.13321371336
1535,114319.75101419685
1191,143448.53349219915
1579,207210.45833876947
1882,143816.82280930763
1510,130373.98567315357
2196,142423.90194755595
1845,176936.5991518624
2336,413037.3354656346
942,91439.30892924446
861,126229.4567288629
2555,113005.19293814704
1392,143038.90466460204
2099,261102.51093256596
1543,123056.83645890225
948,294766.35294432734
1239,154911.39621444637
22,167370.44765351937
2796,229182.60785411685
2747,170057.3871518226
92,306384.32434357976
210,162587.18817864603
1858,189400.1147698427
2228,162509.71815956853
447,223991.3587515603
827,230309.2689129488
1649,188988.22100419708
682,130435.7803518335
2698,117440.40053156874
494,167199.02314351368
214,95218.21721538961
2441,248631.71782225824
2679,112604.40727362699
1336,127379.43106138484
465,181509.93678718057
1524,115985.22145049395
2543,121796.25539906885
631,134890.09607544466
2452,320042.63810148597
228,155264.59325152644
126,148297.66270820948
1092,206765.5787519636
1122,205242.43051351738
932,192377.02692564466
1980,105050.78298475857
2171,118845.60247579885
551,161236.374004868
2768,154604.2559848813
2056,116295.29335181875
1159,363189.09483267076
2645,134461.7784228736
1174,167204.23914033308
2266,209615.1120359642
2462,455344.74763769197
1219,145402.43418327117
2922,192737.69125091034
118,137612.92205851924
474,176294.01018635166
2576,150156.3063083519
872,249612.8363871979
1077,217582.44046617823
1536,124406.71675784867
1150,134042.86327632493
2341,257882.16939381257
1931,143354.13970254132
2785,125415.55387728066
2538,136585.93659341845
597,196557.34228412705
464,162808.96318060922
233,212042.84210308196
2169,119793.2313577537
2123,153343.60352445694
1867,151859.74614838447
137,265473.6318542488
515,217588.6906837074
933,121044.98476564464
2784,152059.191069587
972,166348.79369748003
599,167188.92381140112
2614,120051.46555293926
2582,140270.09310792867
1409,150956.8210541164
175,97229.57718052741
352,213026.5187068142
976,93403.7486733056
2134,194254.72954246914
984,119134.04201137456
2396,364674.96011261304
1673,128864.0564363427
404,131489.8490769089
607,164895.5795507728
814,150879.67274992558
868,199738.8928606547
2271,193075.77007674298
1633,237199.39202221276
337,188067.40728168597
2765,143687.75983406184
1746,217771.598618653
368,374946.5693443792
2806,189252.58355666127
1662,181309.12276078385
1234,205664.7480622559
1373,137894.03170450142
1672,118672.16989671467
1939,119482.15296873872
