ID,SalePrice
2658,123699.06626099363
2718,196421.68219085137
2414,194818.76577665182
1989,115545.91358107973
625,180410.22152239273
333,106719.7770699814
1327,113733.63249277738
858,140964.15069539877
95,194180.2308380703
1568,159011.7155357908
2482,167360.53796032493
1364,123007.05261050757
2584,164645.97554479656
818,294936.0677396904
2673,148728.9736897072
2089,129133.76522295404
1297,150967.3128522348
790,118533.68656333486
2616,190557.37816361638
720,183503.4741090691
222,150072.8618779089
557,122964.44376623636
1148,214030.68593524827
2766,159104.84385565133
534,186664.03436538565
1452,110952.77652125576
630,132631.64870956723
2648,118544.76444710181
125,145165.66560452033
1904,71381.4908047967
1670,109460.4545062823
756,103852.873039004
717,233250.5001740117
1032,164239.3504481565
852,221046.14201110962
1731,174749.4148170118
2639,117731.77942258019
2071,86702.73266507064
1267,121314.84297557965
1851,194947.4137412162
567,152521.24945145124
2439,218138.46298672838
1898,152452.0445697829
647,152277.96899146226
2256,225485.17484155513
979,114245.14057470163
1444,215809.00354118453
2485,110703.12763217594
157,129800.9894137084
88,118303.9523576281
2003,108258.60976852883
186,181956.10170259103
1425,272501.78745250264
2695,131544.80416513386
738,109854.58091699325
395,145578.42855559298
1353,147639.98215290214
1878,139224.12300083466
390,158722.07591114083
1456,236884.37666712623
1103,316264.0277667174
1387,110024.92377480032
2070,148427.2203996511
1199,172856.06423783881
2479,171088.15392526623
501,343275.04042263044
2362,95673.46783754916
1718,203288.2867487024
2188,93938.22861076679
1483,160396.9621720415
2557,93964.25655730745
437,344982.0185933333
2224,196840.9822246596
1628,178216.15710646627
397,133313.78027751372
587,187056.81504839007
971,143243.04052585963
2611,146352.95385724693
1887,94581.90098025094
2399,354879.01415554126
2148,217060.88180778775
304,113602.22586720521
1997,129927.43076418045
2817,123347.85300019824
1431,171569.60489208536
427,388016.9747825698
263,115900.03189927468
598,154923.6528741019
2895,223036.93177570464
687,145311.25077378968
1822,127878.64497135844
2191,105016.18303816162
179,124479.47582927682
1009,206140.46296360492
2010,117712.06192545204
1991,134712.00369734535
1411,153761.02831303727
1721,258208.74858093256
1144,184165.57883157296
593,211312.5284073629
575,279902.70823162055
1249,181217.13603325372
1604,121252.44622695807
1064,552291.3216783964
1923,156976.18903243833
1988,103868.62381748787
2325,177575.1456785053
114,186800.82388031794
2700,179974.57783597574
217,130430.41037663975
343,168146.88539843448
386,248374.5717798598
2005,119232.38893681178
2908,133394.52357850946
1814,215576.88649757352
2446,558270.4844353972
208,147824.2362392
1679,117564.92311947526
822,325253.1534463655
6,187965.63004794717
1781,422023.94060441846
2397,279343.9406576258
2340,302456.2964964916
1618,159009.8833247018
2843,122654.11273136488
1061,381629.88124001137
2786,121472.68043958732
1935,133155.82402883962
1341,114355.51414034839
521,288255.1114144349
2136,125628.21689725269
996,193178.27643766813
227,157571.8402132235
135,160353.50933643917
1167,155765.74796347358
294,225081.03441421635
1776,203843.37517751718
540,178562.06563157483
1717,203288.2867487024
2303,121554.50688122163
116,183770.532098433
127,132222.4867918611
1371,129134.79274844994
1014,175328.48436509524
1507,96214.89034098024
702,138403.77576153303
750,136138.3457919866
261,149081.20526939485
1559,83792.98315575512
577,213417.37576509474
2812,201180.85200341698
2080,154054.79914969087
1368,118686.04532397265
2376,121415.16416839938
659,109606.20264603494
1235,117918.46926714796
332,99390.23176716133
1917,129723.26733351703
2094,259917.6075328671
1460,274140.76891650114
1471,207036.37048442938
1509,121645.35781673291
1922,127150.22131947143
433,571907.4348567136
460,274308.86982540245
1116,261025.89150091782
1137,167233.82829058132
53,184328.71121229883
2354,244591.83299073498
1475,202862.0957221048
1761,829372.7474957121
842,138116.06198163689
2739,174798.58250466734
2509,164630.32074161677
1007,220293.24274554983
2610,174984.37716706956
1952,99720.76045893633
2719,185435.95770781324
2921,102465.8725369627
1966,131535.23288085283
292,118303.74256796749
1204,189407.02003461952
1829,243384.65780249433
2419,190474.6517725163
391,160211.6033166338
798,111631.55070285217
481,199507.95931169853
193,190505.67893549826
555,118227.85455804662
899,78160.76698566717
2357,179334.1997422994
328,133995.7215803577
1356,116441.60138416977
1154,114983.39923514749
1730,188163.6756021463
2249,148310.92180777437
1119,269286.816671895
2856,118476.32967681263
1394,125023.32578443062
2587,122231.8780207089
61,343959.1800065733
2661,180426.41357966943
2711,122912.13938849216
1147,181571.2790770981
757,142720.51070737102
2623,89374.03545936747
2378,161379.07711232186
1413,123436.58036142187
1722,233295.64500500943
1112,215524.73987507576
1623,186046.18132723158
1201,182576.05800783003
1513,115387.88581471413
957,241905.66668842154
1171,263017.76897359313
1145,196100.25428437718
2726,228030.6449265214
703,154448.96288151955
760,90674.9342083582
1964,139629.0182683536
2512,175806.0911117757
159,144032.84148314857
1281,162797.60155102334
468,176776.53620477518
290,116741.97437305632
665,108306.36640722844
1463,293475.1227561867
1792,223029.7905100612
923,135622.97885368243
500,273060.73797935207
1408,150057.3224995695
331,94075.80471169954
170,121690.66634776407
2192,100786.3823743584
2571,288629.04620994255
2314,171939.4430055492
2647,95879.68631588196
422,464202.35748771037
2457,388386.6399324394
1838,216863.5228524101
2805,266077.00021767465
1645,157037.08711675735
1711,307971.8631630291
2825,256275.6950646225
322,385509.39350039087
2103,276959.44647680555
342,117268.12396255747
600,109862.36106045985
488,195784.57840327968
1725,340423.9895331009
2246,254655.84416258853
2847,173810.10879426496
806,245027.8280625767
530,230788.7556728345
963,187081.6963402213
2678,94405.49499193224
171,96396.3615209073
2401,482057.01477783325
805,220274.66252867752
2259,207530.01580914867
1748,178772.11525835088
1361,125768.62740172107
1677,122808.8168009794
1406,155926.87301237622
2322,223824.40589123694
688,154604.25392473172
143,128051.0235472007
804,207426.56389573487
1214,149721.92688986895
2828,147989.04463088867
1999,186516.26474216615
2467,195648.5029225896
2665,155005.891516428
1538,355633.9473967871
398,106524.00976225622
2822,132475.67282406552
2157,154852.24879027158
1856,183607.8630698425
1269,99241.44290471995
2570,117333.70739175954
2320,258538.58454666377
1517,112566.74209067751
2304,115966.06698085571
1312,103357.40720497376
2012,136012.2824435486
506,213846.25256830288
2865,166624.6539831619
2367,111965.87870808641
554,100183.76244017576
238,127491.86044800845
1954,114173.74314741186
2488,133152.68065395416
2291,115430.80532288285
1969,102621.02954995456
2725,155447.8952772185
1482,160396.9621720415
2763,193725.9381449063
503,239050.4323617398
1584,240551.09211380372
1531,145867.10898356079
2210,155242.3726344931
459,353806.5496523427
556,122665.33721307386
1347,133537.03993470265
1290,90781.05762805724
1388,102900.92548287504
1571,191879.92502297537
2754,215255.78182718367
765,125280.76960687015
2494,119924.61086199
2870,198211.1465031248
7,221291.85233881802
1114,239986.24552673116
2418,280568.5327278361
291,110191.29185295854
18,362604.37044402334
39,360070.7608239384
1001,275819.6196310972
2442,232841.39145148077
616,120137.80075349452
2680,77364.70919050118
1414,115112.1924562063
289,128933.40981097166
40,255590.76956591292
860,119401.02122763127
409,133594.89886466364
673,138317.84902413705
2427,185295.6362500404
2036,205290.06578568986
2564,143925.46729162426
642,166014.4163378119
1008,177622.63510844254
1908,135787.18233182255
2519,220637.2952751851
1369,101094.85633370627
2855,144448.12577436425
712,91547.72852886902
1943,99672.67586227835
1958,122178.81418821693
107,157168.95337247712
2295,195362.2743093243
704,100088.88946869322
676,127687.71607076541
259,177394.7584129214
93,288299.4443735495
106,236769.43189489385
2315,179934.60998678659
1050,112233.79040537722
1095,200419.72854590372
2709,137850.84188168406
758,136098.0956510589
1496,160605.0760238826
2370,126048.14500064676
2458,262538.05259007215
2733,138825.1403856551
161,284968.17013137636
726,155473.11457450528
845,210343.39839280606
947,263023.6211260615
2232,107794.1625571966
2563,139985.602219953
2299,136436.66643176094
211,95509.3742566172
605,158847.17485223978
1478,208081.50678314315
2247,256144.30836094418
2274,185536.02279135433
2869,197072.36732873437
967,221423.87550535193
2656,117317.08858094938
667,213137.0487366255
1042,116615.98173699579
2023,154071.10153104685
2447,404103.6368120783
2055,115088.7876300476
2275,295495.47734081856
2204,154859.0456451878
1563,267073.0722443614
483,215066.0004209552
796,134378.6301625753
1526,143486.7629377067
2042,150584.9282331956
442,353014.4167452238
1693,330048.6866671655
1468,216273.33345126754
1430,182692.66151889335
2605,167123.30989572674
1529,163211.48830854948
335,125293.23447333646
1287,135048.56573089192
31,108670.85843821564
1785,295673.9185112515
82,159874.94003738402
2620,120926.14512320812
252,202172.5567088495
721,90590.99908019522
2165,198853.82596092118
2316,173168.58539842343
775,123842.82568979387
1558,109611.64754206369
17,189000.85553580397
1022,223632.55268122337
925,116536.00970495256
438,296900.7861302848
1270,131750.43083548537
1272,118852.67915165878
215,127805.8713341992
266,220133.6243705653
2402,266020.04095019744
1250,118119.64060798727
1984,118236.41786461182
1279,133414.01553892597
377,239907.97039448124
1252,135944.25710347225
2156,256855.0903917517
499,312865.8916260626
1374,119001.31629936583
2898,254805.00507516993
401,112518.96427971293
2721,180608.60013154097
2078,254238.1666344155
2589,123821.95290239184
1946,217833.90493952943
1334,119442.18752257341
2781,241076.29480546204
431,436991.9290141093
576,210093.27531191608
1474,198814.3479453239
2254,133992.32217018786
2155,291934.8852608901
885,108230.19998889648
643,127725.54607879567
1944,124929.39751698608
480,206887.33311463415
2845,105961.81263139682
2387,297363.65506940015
2407,213819.74524743622
2527,157305.2105436337
2514,160639.7792286391
629,173370.89579669535
80,203767.30236335332
1876,132786.65423661846
1546,117211.95736864621
2518,164380.42287338866
2347,157355.51140700266
783,197225.8317128129
1322,81334.2250990726
194,89704.26605121214
1770,288427.95211766165
2143,140577.05436795793
1229,198683.41216419547
511,280506.74210753164
46,214552.346183063
1348,164368.5969393343
2465,192296.8963308615
387,235844.83676513986
873,210636.43205655593
1918,112146.2085745328
2764,244419.08421032756
2184,120477.9104303948
934,159631.51068193186
1920,122288.67168625891
2631,139038.08353023184
1768,799288.2135408217
2040,121601.87267230304
1749,216361.6873916721
834,213596.861699897
1457,248518.55392556044
79,123108.96678680791
2302,116464.78048010686
1817,138136.8101053303
2755,238795.93197669473
359,179292.56353856198
2059,113464.78378939764
2092,241156.3340327499
2516,252096.15477999297
150,103727.14952398703
1656,146031.63324291847
83,102933.96737222695
2411,196186.00523965445
795,88139.82019895129
2312,237144.35284317177
2917,108131.06259238433
1624,182932.88093610338
2215,287845.87839564984
1211,142444.11158237254
1485,165594.47161410624
1024,166897.94495715483
570,201193.78582833937
2874,132125.4477579538
700,145563.150180789
2756,215695.7164954963
2022,167130.43602611517
583,222592.99388480381
2392,366443.42249869846
2424,214688.57925847452
212,105966.18819541163
736,130005.87234330321
1610,166904.66427799527
890,118643.03214186786
467,185491.56173356067
578,234527.5249632552
1747,177197.6694540138
1149,172711.7663626828
2758,231808.798592602
857,126888.3507772308
2219,261301.52613914898
733,102514.73301832023
2909,123575.62047581618
1798,280719.9190034069
235,120710.98418905398
2366,150326.81319034315
1027,122570.88177806156
1195,132825.66157116485
1303,68751.34769551593
148,183217.22291996877
608,148699.47369265655
2515,189510.74602951301
821,293026.35398278496
2500,283031.7043251031
745,114166.69850731165
741,124748.42017133727
1611,119541.81798546128
2532,120659.4458547559
1081,230537.61836226226
1692,465508.1225897314
2520,176532.48635853332
276,103526.76110392954
1992,122261.20647074473
663,72487.43413680873
418,131524.63162631946
1733,183963.5542297284
2359,138876.37105055116
253,193325.65963063054
1518,162570.78464770273
2035,136194.6546814932
2919,94780.52445653635
1540,232074.79990085217
2120,141840.06337029496
1674,202856.19953225966
256,139811.75450692288
2361,110578.35422650818
978,99888.63193289313
2280,158660.66820136536
2095,223123.0219317274
1709,318607.6081792045
2801,228065.07982421294
1246,115136.09680137663
2373,124848.79808194702
1055,272827.14766902145
2017,118341.34280053388
1099,276510.1808566469
1344,97768.01892964829
835,163163.81955234578
1117,214472.27902009693
2043,100706.51987370255
2085,126486.18898704092
410,150941.48428763874
2650,109784.85737482198
2867,158259.1691200583
1668,112894.0030721266
1161,176815.42121034994
2122,171981.9505369468
2539,135567.985623576
1047,139255.58357609305
1445,114460.92482915618
541,135796.5517461985
569,234740.54134320107
1276,123096.89643701506
918,134151.52563398922
326,179039.99519428966
1936,116165.33069325294
895,99625.06386252516
257,141567.87617550846
1241,174032.86048719173
1545,110745.81645685309
1189,164378.56241461023
270,150607.5345737054
2066,181697.6543241799
693,111024.50256350012
1259,154824.16932050828
2916,142164.83507438676
2321,299504.7734450447
1977,100305.87036531502
1895,149699.21049310072
1240,159149.161752992
85,138638.4461088906
1823,112461.26252128049
825,297101.5064452234
110,222114.05733459644
697,112054.1647832436
2297,101619.40903128771
1231,128849.02262179978
1355,126190.50822532423
968,342865.13156790816
584,213974.39425388916
1315,117448.20863931815
1606,140015.1142239778
206,113329.38511406054
1685,345472.0261390141
2016,134400.69519536692
869,208110.67003490462
2135,125172.28100594666
2346,165934.86421729723
2430,235686.557341847
2198,89970.42689643837
2652,115689.76758542853
27,116352.05718839304
241,175830.5919367636
906,120144.96679701321
1506,113552.52828191017
2098,353585.66412068263
1435,210108.03154847634
2213,112122.37115115249
1274,130328.67331488448
743,70049.85451416859
1737,199785.30994704165
2797,278839.9199745995
2185,78444.71095121681
58,170132.2464837418
830,193097.49037260166
808,123358.0964838988
680,148012.4044596295
1153,111720.28047485914
1291,133810.76135232762
1818,155909.99716617208
2161,187950.41786975568
1883,122973.99814475073
350,378597.93237891287
2473,147349.1644787238
295,159102.09163641612
293,190081.49222411658
859,129557.29730204392
288,82993.1613252337
1578,143972.7468433501
102,164427.29522686606
2831,176466.1227192122
1030,167514.05523594262
2551,134785.1217467955
1286,148685.63836844763
958,321059.37200347683
776,119335.31799217827
72,215208.31913573993
2263,268609.8592218997
1866,149174.92247963685
2876,84051.02479103976
2146,273248.97980125056
103,173089.38455217812
1500,147474.45653492672
492,179531.5201282198
167,131391.12333397922
2597,122360.04657931
2685,109595.22809639326
1035,144396.34541002434
1220,71904.38705314678
2602,138358.99293191207
2159,214183.1736912224
695,136891.922792941
1109,247175.60461878075
640,171777.59366467656
1652,151056.1403026917
2090,197353.23673106247
1188,185326.7223264734
2345,222476.85861764988
1059,432565.60028028075
2751,230129.5384154014
128,198415.64705338186
1523,167495.54091888023
2925,151408.13995190492
2145,316048.8743449133
1121,217771.8921929777
566,326868.33880929404
565,213494.10508275594
1331,127103.07594324
2928,116072.90003166933
156,138442.4396970651
797,155807.21071258502
327,107222.93158167724
2859,132168.20889541987
1453,113138.42324274693
1762,371154.4178908447
1868,195969.309357093
1760,184456.71864040117
1113,265434.01669183664
1812,183951.23352523046
117,149284.89149639642
1142,218057.40580413266
2342,372953.5830467637
927,135903.5265944352
2478,187199.7441442339
655,96153.44804138929
2064,121705.04789275056
369,232702.9484114643
2239,117734.96121764556
2732,208901.78472575452
1653,160604.09784577164
959,202725.73341779396
2395,351716.4784935085
1412,102031.59443894446
271,259081.7324486483
1484,160624.13414264374
1497,154934.7931733731
552,160696.38375358545
2,117001.02220521333
1855,289098.3491442625
4,284449.71646903997
2292,162293.39024827315
134,139429.3233364611
646,110063.85088940416
42,326520.80832526484
532,217597.3405169498
713,104843.53159884331
2561,127309.42120988348
2360,132763.8115397104
1333,127429.27698110494
1407,164560.50919533818
2892,285286.78507249267
574,224532.3765961424
1227,173483.89705811758
2591,235188.9109499181
1476,204675.9991222226
1125,261839.8550813401
1446,124110.9388672331
408,112085.97009458255
1101,283592.25993458764
2251,198565.05136962366
373,183687.69723035858
2554,120588.99026084259
2382,283236.7957952588
1985,89700.5633016821
519,217417.12661196705
1093,194941.52892809774
864,250549.73036780086
2889,140732.09868907218
2308,183640.1690497215
986,149173.15278549475
1302,149246.42718736167
585,151828.50730584888
2708,137342.42201824422
147,121075.22340097661
1441,219386.70033560778
383,174341.15567500622
285,158423.43626141315
181,110989.38740945097
358,156618.9309446307
780,170232.41148107205
258,198310.98277766167
1865,191421.19940015726
692,121246.56314457869
2902,341334.8142249321
508,270108.5664362947
2638,129694.2738888954
36,153399.4222512275
611,164735.5669976035
2281,125161.94183292899
1678,140358.01766774736
1696,519491.2961065678
1557,88274.11752605616
2180,146160.20963013094
1726,240697.13220428585
951,143574.5156459245
267,242574.2636697422
2706,143570.270996642
2221,226413.24049567734
1357,141973.21122034153
2901,336549.26384687936
347,177234.74881337018
2164,187150.3803312664
1586,329857.0900487385
360,179945.0104462652
1769,226674.8357436922
2617,148027.60243600648
1879,147660.1205316788
991,225244.08060056824
1535,111070.77942397067
1191,156181.37227585242
1579,207146.06683124645
1882,130155.40381416374
1510,124659.83487181854
2196,136131.74023291952
1845,174569.45860392833
2336,373556.8139131297
942,97497.32443351197
861,122173.61623614715
2555,101162.64249410442
1392,144602.64120598463
2099,284113.8016931678
1543,133940.3961387254
948,272982.2148361968
1239,150412.45266478835
22,179330.2354454937
2796,240808.0797050357
2747,171997.39114672644
92,295116.87995800545
210,169392.64261722917
1858,219970.03846978408
2228,172109.56633547123
447,220805.9846805429
827,239340.79195388823
1649,204897.3139364478
682,128399.43233113608
2698,108367.78381676361
494,166396.97601854138
214,100766.33539856136
2441,234662.93678832293
2679,104960.22352344623
1336,127188.51494274552
465,198514.0975289609
1524,127399.01455671567
2543,110518.22449202983
631,120414.75313372647
2452,312986.5124502244
228,149389.57869103362
126,143414.2776250227
1092,213765.04866921887
1122,211612.66279011022
932,194091.77022273542
1980,92834.04238560442
2171,114766.25490126632
551,141515.4632580484
2768,167814.22513951728
2056,107254.5934113297
1159,389644.0298921462
2645,118149.9118872483
1174,165931.08350710716
2266,213296.1068924631
2462,421737.4931061002
1219,142303.45419312647
2922,182405.91509487704
118,131365.666241236
474,193614.95641719538
2576,143702.3076830921
872,290768.1676872462
1077,236327.6639815251
1536,132008.4930034523
1150,126716.68937850889
2341,300524.2154458286
1931,135104.99578193395
2785,128804.57186756049
2538,120756.46420495647
597,203156.71238968268
464,184279.28544180698
233,209149.21650770132
2169,130520.35299488048
2123,161625.52078167698
1867,153901.00941123508
137,247367.60662811127
515,227241.86868920928
933,130492.53940177284
2784,144112.78462696436
972,167989.22044905793
599,158570.49397888492
2614,128158.63942118642
2582,142453.04121177187
1409,155803.38424245844
175,95170.5960156264
352,217418.81913251994
976,109790.05938641893
2134,195211.96088854515
984,110939.42200575674
2396,405636.613862581
1673,151178.63853563904
404,131221.7125115143
607,163979.29077787642
814,168048.97988711164
868,196053.77292605132
2271,205187.91616985883
1633,233964.75616719903
337,183984.96218899442
2765,145360.83187792677
1746,241392.75592837582
368,337494.60027799633
2806,202409.47264529488
1662,175825.48886605594
1234,197763.05756670644
1373,141242.7186572291
1672,109589.22027798739
1939,127070.43791063582
