id,SalePrice
2658,122470.4008687154
2718,193786.39934313216
2414,196860.9683137016
1989,116567.43005686118
625,183322.93135959312
333,105116.75437549264
1327,114751.9933471569
858,141044.41664695335
95,196824.15133976884
1568,161103.2125165647
2482,168908.06624072226
1364,123702.35545889246
2584,166087.58934310384
818,300492.79320848867
2673,148839.30183621982
2089,130384.04547831224
1297,151021.41348550218
790,117060.72279649947
2616,195321.62237678515
720,185373.7234195344
222,153849.04170653684
557,123561.24561124065
1148,220236.97760467714
2766,162544.5528972551
534,187859.15532484127
1452,110222.41458300936
630,136688.44692047706
2648,116841.69922287292
125,143965.02083463123
1904,71077.26823239213
1670,109065.22312117957
756,102036.99139208338
717,231949.21144777426
1032,166645.49634646744
852,226853.5492094342
1731,174677.31373956197
2639,116830.88254294358
2071,82978.01222813976
1267,122297.61203443144
1851,199867.71162075765
567,155684.7154910866
2439,214660.6793474528
1898,153183.0616546602
647,160329.23790181158
2256,233301.86260100693
979,116029.2031568985
1444,219731.17304464144
2485,109959.21049271141
157,132262.19360159745
88,114945.04382030747
2003,107671.6342377082
186,189215.6443439676
1425,277633.7700100432
2695,134000.70736864343
738,108910.36489206723
395,146794.09382761474
1353,147871.12059721022
1878,140267.41620808342
390,157978.98079837655
1456,237841.03369569476
1103,320502.5360587119
1387,106271.83634712944
2070,151541.7384520123
1199,167606.08300908483
2479,171321.56249372702
501,350554.47402616765
2362,95580.64642582013
1718,204255.07239115622
2188,97002.19796981924
1483,163565.96061517842
2557,92446.59762658986
437,334449.6264853919
2224,198122.77819879923
1628,180014.13940588737
397,135718.67012727773
587,185473.04970257322
971,141552.29644598163
2611,149509.84783264835
1887,92044.59180903908
2399,354805.9728281346
2148,222748.04304211438
304,112649.320088557
1997,131852.77946329696
2817,126313.95107227266
1431,168574.40580813904
427,388868.878582629
263,114303.51835371487
598,155566.12740216288
2895,227712.84021445765
687,144555.96066512013
1822,129306.05567251654
2191,105992.35678295033
179,125671.75415444342
1009,207966.43473691758
2010,121441.6715192155
1991,132773.00165261904
1411,152409.08356882745
1721,259409.2370730451
1144,184856.66832685814
593,210667.79210123984
575,292533.2453754087
1249,181905.68718801186
1604,120475.00865207103
1064,541595.1251054872
1923,159346.41676954261
1988,105669.46310984025
2325,177178.76762313984
114,187547.6333345908
2700,178705.79347452323
217,131195.74115278068
343,169099.0733267707
386,249087.27946139863
2005,122836.97439737512
2908,135430.4284282506
1814,220551.44469081637
2446,558260.9286582428
208,151877.01967131416
1679,116853.50863131582
822,333109.0402174645
6,187308.21038071948
1781,433566.169677342
2397,273063.5131179657
2340,310797.0119051731
1618,156522.60576796165
2843,119318.13514140988
1061,373533.8359399844
2786,122819.75057691181
1935,134708.26617439516
1341,115333.93939818737
521,293984.76962642366
2136,126477.83082861312
996,192685.7415769086
227,158570.2573633522
135,164532.89401192483
1167,156547.92688449746
294,233629.71592577247
1776,207385.04099660795
540,179507.04192636142
1717,204255.07239115622
2303,120626.13721540947
116,184668.0093659848
127,133627.63694883705
1371,132089.09852312683
1014,173810.12405243726
1507,96110.68964750809
702,136905.6657678371
750,133614.46777929337
261,149960.50554023235
1559,84103.00087906231
577,211781.38565657934
2812,202001.32194458073
2080,153641.9839329686
1368,121611.68339310844
2376,120806.18507455953
659,112655.23042334786
1235,116627.6985737644
332,100813.20249299552
1917,129492.45101132587
2094,261953.00220450756
1460,276346.1429143519
1471,208796.7095773499
1509,124163.28294067687
1922,127705.28248576951
433,561048.0387441894
460,278644.71661182784
1116,264900.1406837572
1137,167031.1679371743
53,186188.4276317867
2354,244584.05267077746
1475,206513.25601518218
1761,825032.4128501076
842,137996.81192061343
2739,177862.03812045688
2509,168129.11412303985
1007,221980.45544745162
2610,172430.9827312333
1952,99805.81540113065
2719,184345.24822620142
2921,100948.43630781173
1966,131196.12455429527
292,118323.95009711605
1204,189641.34451566671
1829,246438.57098451158
2419,189345.04065222287
391,161822.88185986184
798,109788.0897141997
481,199730.13049584866
193,192496.8632926697
555,117494.59207094039
899,75133.42616264467
2357,176870.18865426228
328,137175.71472686378
1356,119710.42586408347
1154,114059.75038638715
1730,188570.69275924197
2249,150185.64266641965
1119,269079.40065900213
2856,117979.75055978923
1394,124563.83510612474
2587,122315.82500859359
61,345745.4231664222
2661,184283.34729762847
2711,121955.60796209221
1147,183705.90789640835
757,145460.57784281077
2623,86549.12782216631
2378,163467.57144159908
1413,123491.15763888956
1722,234839.75620183843
1112,215065.9714090754
1623,184228.89695081938
1201,183121.91906163414
1513,114983.35270857511
957,244329.0455532593
1171,269602.0380521368
1145,193867.3619116938
2726,229704.60888401803
703,157989.89588200726
760,89856.06948354459
1964,142518.8693533002
2512,179110.45114532104
159,142702.71280362445
1281,159835.78369536914
468,178058.4385783595
290,115914.03358701232
665,105926.51115044497
1463,296408.7106341681
1792,222050.6971077349
923,136851.0559326748
500,274888.2839038753
1408,157551.38121985292
331,96701.41499239141
170,120864.92235711761
2192,100564.4204550118
2571,289403.93256724527
2314,171391.11769114493
2647,95168.13456398676
422,461397.2783124866
2457,386695.194055493
1838,223017.29610205462
2805,270612.91627740586
1645,157778.02410751465
1711,297312.99800745834
2825,257402.93260872175
322,390262.35318686906
2103,282200.4292190003
342,115484.35618314923
600,109108.19103481616
488,196622.3669478651
1725,345980.3831390081
2246,259169.62138746606
2847,180392.0452957579
806,246482.31388401345
530,231056.77321548728
963,188658.7124705457
2678,95119.40477312115
171,98858.903015704
2401,472425.3256661665
805,221529.2326857417
2259,212727.40070216826
1748,179587.2396751904
1361,123104.82649526373
1677,121485.68484668087
1406,159114.524757624
2322,226252.6104784835
688,150599.78190458778
143,126651.1040842707
804,211379.39684489864
1214,147710.85226344666
2828,146658.4058875242
1999,192487.9838338634
2467,196946.1943766167
2665,152906.49612033257
1538,366082.20493313
398,104303.3760457796
2822,131975.3022964751
2157,155427.7871353212
1856,184806.45759003345
1269,96443.10654278382
2570,115826.21358388169
2320,256967.00425441976
1517,112322.02069079746
2304,115964.76499422574
1312,106260.70653937192
2012,136645.4310853567
506,215858.58970696168
2865,165053.5050451929
2367,111340.83130929833
554,97908.5740837345
238,125807.09655081258
1954,114393.58040946854
2488,128295.98449300053
2291,115849.6552733226
1969,99635.82175837454
2725,157385.14622157923
1482,163565.96061517842
2763,195983.17900419005
503,240353.64989910575
1584,245455.246717478
1531,143074.71080865126
2210,153158.45448587195
459,356784.98711836786
556,121416.31257682042
1347,132156.5615879367
1290,89512.26386976575
1388,102650.24542956767
1571,195305.74568214308
2754,219903.98290821948
765,124969.52809164573
2494,118665.72397631087
2870,202508.74301865138
7,223990.97996508295
1114,242780.69103440898
2418,278806.9372767589
291,108540.87751796974
18,362099.1832368297
39,355998.91155694454
1001,279123.34904318885
2442,233430.88575444394
616,119639.09178370178
2680,76745.76239041617
1414,116058.85802412621
289,129184.4751050112
40,253803.46282961278
860,117643.79655750461
409,133905.38877007164
673,139765.5208350254
2427,187242.67681564024
2036,208110.03789624127
2564,144347.6818066393
642,166854.95950126767
1008,175321.055734324
1908,134303.06811124505
2519,226359.4828111517
1369,100905.1903341681
2855,142604.91489846926
712,89918.67127651715
1943,103187.13815841326
1958,122504.1251866791
107,157625.20883512145
2295,194354.26594589898
704,100038.14587331236
676,128342.70394969897
259,177523.89934216606
93,291934.3659889794
106,239177.43318444912
2315,179302.1193434606
1050,111543.49916443643
1095,200732.14054714324
2709,136856.8028340053
758,139390.51043733468
1496,158446.11253240242
2370,125920.37784558804
2458,269756.75014515145
2733,139740.8828277889
161,291723.1207191866
726,154725.63119975117
845,211536.45758796422
947,263658.5788877396
2232,110901.45776782357
2563,140056.02514299724
2299,135533.40372243125
211,96130.45534567874
605,155795.17174152087
1478,211800.26101380828
2247,261705.20655493368
2274,187659.22802985072
2869,201299.8735717381
967,219164.76096345714
2656,119083.89897980398
667,206644.21817059553
1042,117069.24125065978
2023,152785.60644582871
2447,403652.9038306275
2055,114375.1728285352
2275,299890.6219671573
2204,158657.9261191944
1563,275738.6517681281
483,217873.10772993998
796,135665.52717842162
1526,147085.05797130018
2042,147659.82732002137
442,349279.5813081598
1693,318440.84454634594
1468,217373.0320477752
1430,187224.1681249205
2605,167414.41304991383
1529,167634.05040517167
335,124187.98955411756
1287,137508.5278399556
31,107590.93608047203
1785,302211.06113588787
82,160646.92198215527
2620,119094.18713754442
252,202727.33343846328
721,93102.61088688229
2165,201583.85224834702
2316,170915.47975678134
775,123094.2132225846
1558,106420.94223732199
17,192450.99590783863
1022,226251.8129919969
925,117622.6637068
438,297636.0107801366
1270,133062.40538291357
1272,117226.64902201349
215,128677.8678278904
266,223565.25331058097
2402,262205.0827295047
1250,116456.40764756384
1984,118096.49140783753
1279,132286.37330309165
377,240156.68915524328
1252,136097.95279274211
2156,259785.8930355197
499,310272.0565888023
1374,118494.01947528284
2898,255472.32130866635
401,112275.06525413929
2721,187432.93687071875
2078,268710.56069357484
2589,122247.4795028889
1946,220775.49697042862
1334,122706.13850791688
2781,245927.71175218126
431,437090.9326122326
576,211219.08841332048
1474,199944.53138491994
2254,133991.08190163953
2155,294352.9632472434
885,108426.20039744084
643,127649.5686618033
1944,125178.15944250714
480,207585.09850804773
2845,110623.82130171767
2387,296095.5855066887
2407,216258.87738247224
2527,158645.074732383
2514,162720.97120862137
629,175407.84452163844
80,206276.8254693012
1876,134727.52478108663
1546,118160.07300847693
2518,164913.49486411083
2347,158115.08961883272
783,204230.0762264987
1322,78690.6714434486
194,88563.34865759946
1770,287414.71568821603
2143,139648.07942324763
1229,196174.33713609588
511,285740.89020272176
46,217184.50556937544
1348,165004.86319996038
2465,193792.38819493397
387,238428.1752044721
873,215270.56306280676
1918,113841.45291314497
2764,245042.46615194375
2184,124451.40110019111
934,157522.15122384037
1920,121015.62242567314
2631,136403.49758950103
1768,805147.3691873896
2040,124392.00969644115
1749,216600.73454615206
834,213314.0815140901
1457,251798.1896507155
79,123207.08859600889
2302,115579.68604924004
1817,137976.0723131882
2755,241509.49332738193
359,177692.5189918915
2059,112829.47048964234
2092,243142.9019616952
2516,259342.17696763642
150,103152.80907381493
1656,146113.03043257276
83,102288.06311082268
2411,198795.73797541374
795,87546.85635458956
2312,235758.4128179627
2917,110588.831833462
1624,181392.35140991898
2215,288013.69540918403
1211,142278.08715872347
1485,167089.27202002416
1024,165363.8919297046
570,203149.13081676993
2874,129811.11764758975
700,144747.20285373315
2756,219666.05104718677
2022,171943.06333472964
583,229021.31222300397
2392,365005.0501804629
2424,218445.30408362878
212,105163.22527894299
736,134551.3164234078
1610,169946.1019026282
890,116762.2898623784
467,185644.12972016723
578,240612.12991492558
1747,178624.16461018284
1149,176155.52058396192
2758,234331.3709914799
857,129955.01002103754
2219,264592.04848776123
733,101979.86944094645
2909,122573.0054277415
1798,281792.3573532863
235,122707.02583039324
2366,149335.47275219666
1027,120282.044331383
1195,136420.58619649985
1303,67244.00921503906
148,186795.4597010057
608,149121.93603519117
2515,194951.64605285067
821,298468.92760543845
2500,289092.45572505915
745,116631.40228707435
741,122450.05893596695
1611,121848.63557486
2532,118854.88710597003
1081,232959.4599732031
1692,460619.4119898409
2520,176673.3442926657
276,102528.20014153821
1992,121378.51883414092
663,71036.75780237827
418,130637.70582106008
1733,185101.1069643804
2359,138721.4312555879
253,197285.74509556737
1518,165802.43279830928
2035,133388.2187911308
2919,94258.27776256621
1540,235087.97508238145
2120,140332.8199657604
1674,207181.61135209483
256,139279.18178257506
2361,110462.19496023172
978,99618.7363672917
2280,157658.58087347835
2095,225707.5899047545
1709,309542.1122984067
2801,228991.17532889583
1246,116174.83426034967
2373,124625.93910447012
1055,269755.08294993633
2017,116770.93444911021
1099,277994.7999419629
1344,97293.65530279033
835,157536.95218679527
1117,218114.5657113456
2043,103293.01472585736
2085,129805.44071543915
410,151214.53731344984
2650,107175.68704145766
2867,156204.20261689636
1668,112125.5428206843
1161,179035.3177136789
2122,173714.15261051737
2539,134662.87083930476
1047,139989.42693063538
1445,113864.9384441872
541,137349.75750041875
569,239387.22404942388
1276,122159.16402068888
918,137984.95604125693
326,181745.43920031516
1936,115995.49502090542
895,98559.55083349768
257,141160.00504935475
1241,176652.17784665085
1545,111273.94113986235
1189,169581.9273164366
270,152429.25661312725
2066,184087.2822660296
693,110421.36498969873
1259,152292.13851863018
2916,139435.21362243648
2321,299766.9331065207
1977,99420.9706345073
1895,149439.87666028604
1240,160341.12104077038
85,137679.66952966654
1823,110115.82516155588
825,308406.833117175
110,226993.2655258066
697,110746.29006451591
2297,102090.29111729011
1231,127237.42340261998
1355,126428.53646608311
968,347890.2984860418
584,212580.9567946546
1315,121322.74578304573
1606,140247.01272127134
206,111440.47653447774
1685,343058.1735211211
2016,138233.1490293859
869,209212.79448530579
2135,123776.28535910216
2346,163881.05515866136
2430,238379.8435113523
2198,87932.4324189593
2652,113758.8560536888
27,113702.34529395313
241,177361.17607644483
906,119149.28073770118
1506,114547.01279590643
2098,359235.9712015091
1435,214721.56449718017
2213,106577.55379441429
1274,131674.53246327824
743,69419.8193022522
1737,201013.82183402302
2797,277093.2781469543
2185,77467.8501175509
58,170614.51989817206
830,196945.6329488088
808,120451.39648563684
680,153282.58689997773
1153,112107.0342870073
1291,135856.415629998
1818,155258.41761024794
2161,189001.31344683084
1883,122492.05938620966
350,386538.103866264
2473,149250.38192106117
295,160142.6729061651
293,193798.8109827994
859,131887.6949091986
288,82350.63572173294
1578,141686.19759703559
102,167824.62272534022
2831,178552.8850085738
1030,169192.29507545131
2551,136274.65074469958
1286,151886.14465421162
958,325999.57564664923
776,118274.43596120457
72,219253.494207157
2263,271231.16114431183
1866,148630.48006161477
2876,84485.54300849636
2146,277468.70410243556
103,175540.13789966234
1500,148764.02521454016
492,179973.48966100143
167,131750.06949195714
2597,125636.5782266045
2685,109789.35254364953
1035,143902.60318448464
1220,69512.29941559209
2602,140523.58216646427
2159,214428.0535452748
695,134460.9650077015
1109,253490.41231052764
640,170874.44681748186
1652,152958.27418451235
2090,200062.89546652057
1188,181068.9602142884
2345,218118.80799334747
1059,417962.9739349489
2751,231108.57283323692
128,207059.019960177
1523,169598.38088329352
2925,153833.30406959387
2145,318189.71693378384
1121,221291.2926516797
566,325081.3237934357
565,217644.19998663312
1331,127594.0341483681
2928,115783.27691111721
156,139998.15697973812
797,158273.50404973832
327,105458.1938053971
2859,131198.92334863934
1453,114896.23383944285
1762,373345.6684458127
1868,196281.9232938173
1760,186153.70343028443
1113,270312.5779682572
1812,184433.70762666283
117,145507.17348644373
1142,223400.9132550282
2342,383900.1207830224
927,137616.23162420624
2478,187363.44546949601
655,95562.32919720907
2064,122515.80399197583
369,237493.96177228825
2239,117633.95332041099
2732,208157.08890815184
1653,159944.5637914541
959,202164.97545884977
2395,344601.2193383318
1412,100784.63328462615
271,262447.24657715973
1484,163804.09622289627
1497,153251.06397728395
552,158187.0418914571
2,115106.69651288565
1855,311667.4101849992
4,289361.55268099415
2292,161650.39304952603
134,137527.69049258507
646,108628.54026476009
42,322661.9180729143
532,230461.42765221116
713,108211.6050268521
2561,128199.02750368678
2360,137737.32999295564
1333,130408.38578483992
1407,166973.2662851626
2892,290672.88986619754
574,225864.35921717455
1227,176339.45095997467
2591,241715.36609620322
1476,207393.11068193076
1125,265961.3280108662
1446,125989.40775090433
408,112224.76065138153
1101,284004.5575692836
2251,200526.4560386007
373,183804.91148594383
2554,122592.20748335119
2382,281080.7726978446
1985,89024.29165677135
519,223261.59059113302
1093,195237.57802108466
864,253864.09264502148
2889,140416.52705100505
2308,179141.435240811
986,149755.72722222478
1302,149176.19230435902
585,149289.82658177894
2708,137836.3377180835
147,118816.39979942616
1441,225125.4801111275
383,176258.79003999793
285,164394.72300689647
181,110384.58921798441
358,157771.58988304046
780,172494.36306368746
258,199348.09597297583
1865,189218.1854550654
692,122480.67151581969
2902,352077.4469690269
508,273352.91333649104
2638,129518.56661133816
36,151869.73095627615
611,163466.2842121752
2281,122900.95445275174
1678,140795.87561337996
1696,513270.83037959656
1557,86986.01098297497
2180,144496.38972885584
1726,242837.63239754346
951,146500.81378476793
267,241466.78586347934
2706,144798.14589537494
2221,232398.76960598255
1357,141685.20634089212
2901,342406.3111397415
347,177768.31325463933
2164,190366.94404062844
1586,330245.84908700845
360,183977.5140644882
1769,230277.25363455017
2617,147718.51796752762
1879,147500.71802029308
991,230018.21276854974
1535,109366.2312170019
1191,158044.05139562965
1579,206380.63936177944
1882,130717.63435698458
1510,126035.11329498043
2196,131749.63803272045
1845,179959.66651674183
2336,374577.42132325633
942,94864.93650981133
861,123741.41681978876
2555,99661.56454629487
1392,142876.26216215797
2099,287108.46226845455
1543,133471.89760471176
948,275826.53455094714
1239,151936.46107322752
22,182399.37659735794
2796,243746.6971547382
2747,175316.40006942218
92,296635.74856045813
210,174372.67973643655
1858,222848.04335849415
2228,173391.8705779883
447,221128.46836682133
827,244873.38734121068
1649,202413.7709321854
682,126998.89092163957
2698,106625.27561178744
494,166020.95596069656
214,99915.7994070823
2441,233016.8784757361
2679,104010.73055084242
1336,131620.36555464836
465,198535.8036269333
1524,129027.6028619034
2543,108054.104120395
631,119918.84769447811
2452,310097.968986486
228,148316.60847899935
126,146353.71423921364
1092,216317.19636285296
1122,214204.51224630093
932,196444.9045466315
1980,93707.58146508974
2171,112877.1276327143
551,140742.55703972006
2768,171015.6408401961
2056,105834.66367224771
1159,390492.2410427722
2645,117640.90804805729
1174,168411.92298712186
2266,220244.60673548037
2462,426108.1243759656
1219,145072.09156752206
2922,181035.61616894617
118,128719.69255261947
474,197498.81874577998
2576,142286.7744755572
872,298698.7774238227
1077,240433.62044111677
1536,128215.00265537994
1150,124891.26697051604
2341,316651.0509394263
1931,141814.38408723328
2785,129121.47913594583
2538,119299.07270836218
597,204175.33359287606
464,191818.04744497407
233,203807.31964920397
2169,133020.87345498445
2123,162161.2952925575
1867,148416.1643876161
137,251959.4196974386
515,228775.03711636874
933,129376.54963832324
2784,142455.03150356901
972,170068.34833271263
599,158314.44643015804
2614,129693.66524251972
2582,144019.89226831734
1409,157781.08835648303
175,94957.53298714377
352,219745.44324885137
976,110545.46540943047
2134,196325.31785346195
984,113515.99277778734
2396,402650.09148828546
1673,153034.8262163104
404,127826.34777112953
607,164563.14064513354
814,167599.5360776671
868,197984.63919473684
2271,209740.6290662752
1633,235765.69904848235
337,184607.27501138073
2765,143201.24235530265
1746,242386.6424503902
368,342720.9611667756
2806,204852.98558976097
1662,174296.0412955186
1234,201896.78171714983
1373,143827.9237916944
1672,106875.46171593791
1939,127299.2806289626
