ID,SalePrice
2658,130101.11811210652
2718,197241.90429116873
2414,196384.30304107253
1989,120846.66478904746
625,180611.71204464545
333,108594.00125274321
1327,115722.31746444675
858,141240.60208357763
95,197735.1700627639
1568,155749.28236379212
2482,167876.09774457716
1364,123194.55626874056
2584,161747.02375652577
818,295775.4275367143
2673,154191.346608206
2089,129761.83651521623
1297,153716.72215717137
790,119114.32348819454
2616,190152.33807625718
720,188833.52085197068
222,148364.34792795512
557,122880.67247094736
1148,213640.32591460814
2766,156216.46143998843
534,187305.23293592755
1452,111248.3736014311
630,136334.57442923612
2648,124655.68804049915
125,144864.98850779518
1904,73588.33688593165
1670,112648.7954061788
756,106852.02136062842
717,248095.9326659267
1032,163580.80699779786
852,220841.108895027
1731,174785.17603284348
2639,122626.55993619766
2071,87576.10989870418
1267,121517.92962577703
1851,191983.42288524442
567,154455.13721470188
2439,221398.34304334316
1898,153508.76328343272
647,152147.18431299194
2256,221942.7977392406
979,117548.1925154934
1444,220052.6232921562
2485,110408.51045130624
157,130600.84281890574
88,120536.0800409781
2003,109050.70415416213
186,184797.02284647882
1425,271774.38564034726
2695,133118.25474882193
738,112068.54577457953
395,145640.8938555853
1353,147017.24473309185
1878,141422.94435008077
390,156654.67765405562
1456,241962.40961612677
1103,317776.10362327885
1387,112724.55510321686
2070,149801.62275198294
1199,175925.8485384594
2479,173847.6318742386
501,340170.0838056188
2362,96865.18608596918
1718,205148.52158572097
2188,95925.12348248893
1483,161208.80858820662
2557,96060.74668940855
437,341976.1163227667
2224,199129.96361419294
1628,179027.78358107858
397,131754.21380663017
587,190436.6051115276
971,141563.92137534978
2611,145490.42990853285
1887,95001.18756898938
2399,347084.9090300919
2148,216217.9882040664
304,118613.60380236786
1997,134276.53529116855
2817,127605.58738365259
1431,176351.7651614046
427,395130.43607540365
263,115810.98319828154
598,156033.07449681114
2895,221954.6796188814
687,148125.4766768074
1822,127609.49914129188
2191,110470.63679084349
179,127960.63037015182
1009,204017.44343797196
2010,118431.4518942347
1991,137849.23560359929
1411,154314.1422314276
1721,254385.0148860212
1144,188496.84672756097
593,212588.52530620087
575,279908.0921145376
1249,180575.24706552213
1604,120855.75049786933
1064,539763.160479536
1923,154915.9623987817
1988,105430.32986967612
2325,179280.3240499365
114,190542.87132672008
2700,178385.93495804092
217,129564.26075016297
343,167848.80125200585
386,250769.40141263756
2005,119247.41463280593
2908,133489.64029043505
1814,214478.2861744472
2446,573376.6511689493
208,152647.482857957
1679,117930.19511044459
822,324287.529177669
6,188542.3277408139
1781,423658.4227417809
2397,278070.3016236378
2340,296560.5953977567
1618,160410.97578464873
2843,131228.55848067068
1061,381380.4982824575
2786,121016.22856474471
1935,133292.06141148537
1341,121675.96819937823
521,287424.14877010754
2136,124295.89757771477
996,195262.73521469516
227,157339.91045761478
135,159734.0700261592
1167,155671.75469640654
294,228429.81792048886
1776,201300.66395545896
540,177251.10322693878
1717,205148.52158572097
2303,122656.92416782783
116,187561.59230125332
127,132248.6104478573
1371,131112.13466908142
1014,174785.84857968136
1507,96442.1631108247
702,138365.9836373284
750,141591.00562688438
261,149674.0595451824
1559,85135.97048013796
577,215189.61834022615
2812,204237.79440617215
2080,153649.24095646167
1368,120256.06031882857
2376,122570.70487592704
659,111954.48545645174
1235,117983.78945625132
332,100153.24450591317
1917,132395.94789893
2094,267312.1040061777
1460,284627.2328650954
1471,205376.59681459237
1509,122070.70013147364
1922,128450.70292027475
433,554284.3182895557
460,268319.547250418
1116,257386.0001046909
1137,166116.9553536712
53,181622.06655418262
2354,251279.26186984277
1475,198869.70055277116
1761,860135.6837172784
842,137984.50755863005
2739,173218.48722860398
2509,165078.12789853034
1007,220375.60505797833
2610,178913.22022190722
1952,99531.71783834013
2719,186303.55606874777
2921,104299.06373858494
1966,132442.08101715782
292,121741.63601731042
1204,189787.53920868484
1829,246967.21084907252
2419,190909.29208864277
391,159339.79251708247
798,112769.97388477785
481,199356.48111126426
193,196967.90729031293
555,116968.34700562296
899,79662.87991579434
2357,183116.8444459685
328,133063.99478377722
1356,117789.74622318638
1154,115372.69589178519
1730,189302.33144997488
2249,147516.47661212485
1119,273948.97369934607
2856,120086.95071205952
1394,128668.85518992046
2587,122282.63699590556
61,352935.73192413925
2661,184338.62758647453
2711,122709.72275216247
1147,184210.2396397422
757,145502.50381835605
2623,89279.62468809349
2378,161685.8005982392
1413,126588.10508959116
1722,228092.267400248
1112,219344.76580728358
1623,188694.36245158518
1201,183754.34285446498
1513,120111.51386477651
957,240516.85327960734
1171,258350.4121192346
1145,199108.24831776685
2726,226902.6172767718
703,154803.0335598016
760,93645.18696384174
1964,140231.86868587256
2512,174752.29033479543
159,143989.68334954217
1281,166589.4204223315
468,178697.59857295817
290,116393.78028521521
665,111224.42073353847
1463,297672.97339327366
1792,225128.95231741306
923,133989.11723820723
500,281714.46343438805
1408,152790.78877703086
331,93998.25676485323
170,126853.32189450364
2192,102108.54709914085
2571,308899.8171564709
2314,173559.68237226433
2647,96492.09223873138
422,456144.4341297204
2457,398004.5514014211
1838,216069.12052617225
2805,264738.35895436606
1645,154747.71897172037
1711,306430.8359492408
2825,261841.6089584934
322,380025.27822106716
2103,276466.3425546931
342,117643.7696556436
600,109776.53292718818
488,197235.66271923974
1725,333153.44325270696
2246,252478.05470868424
2847,173772.0656150031
806,246598.3428143748
530,236459.66622739966
963,184833.56128134296
2678,97241.97592258708
171,99687.50458948717
2401,476316.4407062794
805,222870.6587407631
2259,205738.80054606317
1748,178072.88821468118
1361,127424.54924900837
1677,123113.2525742166
1406,154800.1674676016
2322,227533.00215304695
688,156349.37624723374
143,129764.57639727295
804,205477.64462339546
1214,150934.24575211233
2828,149130.48384198808
1999,189855.38251693014
2467,199108.21130153222
2665,155546.90437618858
1538,361457.10078094783
398,108275.07107483178
2822,133387.8833280909
2157,155428.60746154288
1856,183941.96569368473
1269,97383.78513460327
2570,117639.86110553339
2320,261779.86907799492
1517,114290.5800080067
2304,117582.98013607235
1312,105968.76088792783
2012,134910.73527050402
506,215137.96754465095
2865,169152.0555313191
2367,112219.64773757417
554,100697.90163096803
238,129715.60235998944
1954,113280.04735238852
2488,132722.36305402665
2291,115645.63806207283
1969,101946.66805774167
2725,156317.06791601074
1482,161208.80858820662
2763,197041.2103178514
503,244645.79153933187
1584,236850.7624093371
1531,150361.32370825254
2210,157255.18090045056
459,346106.2337119085
556,122471.14622213416
1347,136420.55056706516
1290,91073.40928217777
1388,103602.71797586934
1571,190039.0894433013
2754,216102.4180507039
765,125198.14861227947
2494,120264.68333226893
2870,202228.45448531376
7,217685.2371706066
1114,237450.89151038163
2418,285008.64257130964
291,112100.54387195113
18,362468.81831960427
39,348769.6242066413
1001,274677.43072110065
2442,237158.32775177545
616,121280.13217982344
2680,78002.01138742195
1414,117193.09937484459
289,131155.8587600594
40,251282.43032639803
860,121289.3955511182
409,132709.5106008132
673,143022.0687282402
2427,182925.0130466211
2036,209297.53980320404
2564,145722.07662403167
642,163829.26935447086
1008,179261.2934927054
1908,135945.42464869117
2519,218010.90496611578
1369,103683.51453924339
2855,146545.26402412154
712,93845.67984374502
1943,104517.71813984182
1958,121541.03035153379
107,156408.78685084122
2295,201108.25252092027
704,102689.12710990572
676,128569.58639427413
259,179543.54686030446
93,290324.57345055195
106,239561.85144719775
2315,182394.39810319347
1050,113412.98857794334
1095,200323.46681639983
2709,138447.39563181982
758,140027.05042141772
1496,164024.9975861397
2370,125476.56785369944
2458,259794.93696193016
2733,139703.52031167963
161,288941.0956438045
726,159604.2113666978
845,210332.4706290609
947,263906.09938699135
2232,111041.91334079906
2563,141557.39300203053
2299,138570.7397601784
211,97234.81091405843
605,159764.2492954308
1478,204801.7157598257
2247,253796.58770615558
2274,189679.7248920365
2869,195565.62603116242
967,223448.34749241913
2656,119422.80157042223
667,220628.3830015497
1042,116573.91088904967
2023,157230.73142536264
2447,414224.197283644
2055,113587.14912107607
2275,292841.95462678524
2204,157352.50979915896
1563,263053.4288823778
483,212956.74556494274
796,134901.55814237872
1526,144698.31100405048
2042,153531.05097934813
442,346698.1363835264
1693,330660.59154679417
1468,217160.43105231744
1430,177615.75076154823
2605,171363.45305520913
1529,163389.0184597592
335,125511.16407386602
1287,135278.19930390397
31,110002.98347536504
1785,295585.02176721516
82,159520.63763276563
2620,127051.62740258481
252,199419.37400470514
721,91795.86275230187
2165,197786.57599546332
2316,174865.89502920184
775,124403.69403931321
1558,115974.83489266719
17,188312.24170467336
1022,223072.6647713173
925,117515.821030397
438,293506.2037928049
1270,130102.02903381812
1272,118984.45807184059
215,129522.16103440725
266,224188.12515495348
2402,267211.4961205189
1250,120881.10669530675
1984,121842.39617920901
1279,134503.69503947708
377,243345.1570493408
1252,134181.8378549774
2156,260163.218887729
499,319204.36764837446
1374,119858.23219116614
2898,258223.12302696588
401,113080.77680398394
2721,179554.39402774177
2078,248845.47055882498
2589,124428.73127119114
1946,229884.61467649625
1334,121835.58173216533
2781,241881.53149957155
431,420749.94176485593
576,209193.51000206967
1474,201373.0538201702
2254,132774.68052153458
2155,286730.15223635203
885,108286.48663512243
643,126215.62021394023
1944,127262.81245681523
480,207699.38574611204
2845,107404.2992691889
2387,298213.19339607004
2407,210289.4527382494
2527,160449.50393367323
2514,161373.74200360975
629,173071.75520178128
80,204600.0836406597
1876,133343.82835503673
1546,118391.88254263572
2518,167060.56277401504
2347,159204.8701361561
783,196852.66911621648
1322,84681.64249676345
194,91409.18697075798
1770,295968.76593153685
2143,140079.06093668388
1229,201989.45957047958
511,279529.3236423626
46,210697.30711836272
1348,165724.67291997685
2465,195503.63727483305
387,238291.96828685925
873,206970.87090674424
1918,110878.86056926326
2764,245778.25760493157
2184,120699.89562591264
934,162663.68052316603
1920,125680.973613159
2631,142417.45706762894
1768,832613.3034922134
2040,123079.14576835271
1749,219200.4135107378
834,216285.25549053602
1457,252842.1943558038
79,122016.15316855744
2302,116139.01303966861
1817,138677.3653555867
2755,239493.33119260226
359,180478.05050080354
2059,114668.97707126141
2092,245065.41504347697
2516,249008.12749557165
150,104198.53803645079
1656,146388.41479730527
83,104880.91608191501
2411,194807.78318595333
795,86782.18086782937
2312,243229.97186544127
2917,107228.30263922278
1624,184735.4265969124
2215,295275.5214720104
1211,144181.34414324432
1485,166187.86523611192
1024,167055.9827616736
570,204102.79139224323
2874,134774.61589776652
700,153049.76728992385
2756,216395.06880053092
2022,171122.5577696341
583,222019.00743339173
2392,360506.8908281097
2424,211812.66839890275
212,107717.18581263987
736,131401.4648357786
1610,167523.23741214324
890,122282.88789623261
467,186542.0701775169
578,232647.34253033492
1747,174724.80959973173
1149,172178.9517441588
2758,233599.11980396832
857,127056.62583168218
2219,266879.1682013813
733,104468.02101188213
2909,128381.58421889097
1798,288075.955640227
235,126765.92360997308
2366,150565.6434088437
1027,123509.3895976392
1195,133450.08246690128
1303,71744.58684221849
148,178972.62604591693
608,148966.10534798505
2515,190012.86887701735
821,291934.2917672502
2500,280194.94481525366
745,115429.99343319688
741,127660.47960256011
1611,120377.82365485429
2532,122143.98359469332
1081,228124.68361925444
1692,468256.8848441646
2520,176111.7938425942
276,101633.96846102006
1992,126771.62454869006
663,74386.8143076943
418,129925.24000616078
1733,182869.01347283347
2359,136582.2865532245
253,192538.0414316428
1518,165884.7224034639
2035,141396.88657072352
2919,97096.58633861943
1540,234438.7733463629
2120,144523.50221610704
1674,201751.3375162505
256,137433.57007398456
2361,110543.40742833025
978,100881.46623385327
2280,160749.21596928212
2095,225022.65352182978
1709,322840.8021782042
2801,231346.38054289753
1246,113383.47586037088
2373,125278.00503749774
1055,269003.6571853874
2017,118893.40041642798
1099,278343.5663924984
1344,96736.70933563188
835,169007.33822791674
1117,213134.30582419832
2043,100649.223179831
2085,126210.09231131352
410,152341.37443095862
2650,110977.46314657864
2867,161547.9237749532
1668,112839.12307720374
1161,177780.79046566813
2122,172348.58179123406
2539,138053.60935193475
1047,138553.17896503778
1445,115281.53251691173
541,135645.98150315453
569,235159.5629792071
1276,121914.78189283314
918,135276.0200109104
326,178686.4333452906
1936,117641.29910661426
895,100572.2077921998
257,140193.3973197371
1241,172566.86602523772
1545,112126.20796447161
1189,164395.14900619545
270,151200.22553386426
2066,188911.30728764765
693,114761.92913135572
1259,168036.3419739338
2916,146646.79041399132
2321,302504.18839106953
1977,102013.7484707313
1895,150387.6637765003
1240,157485.52989381267
85,140099.20925025822
1823,115732.53654380029
825,294002.226475397
110,221788.61590512557
697,118040.80770533478
2297,102283.93982694254
1231,128529.49179697191
1355,127529.74091468981
968,340335.834511765
584,218985.31925246792
1315,121481.78508699205
1606,143757.78645721253
206,113029.78348511088
1685,337661.66345980763
2016,136659.49420672382
869,212293.25593267928
2135,125117.70370617547
2346,170653.22142007228
2430,233496.07038667385
2198,92377.05795937635
2652,116647.72540734956
27,118639.4854401954
241,173635.61354210397
906,122555.25067810013
1506,117367.6204714009
2098,365051.6663157559
1435,208389.4741120314
2213,112803.25347009144
1274,128928.71928183218
743,72318.80071386954
1737,196742.57606339853
2797,282262.4584948813
2185,78835.71709173609
58,168602.8101538171
830,192649.6987195838
808,119954.10078469198
680,147430.08102144272
1153,110826.51896965271
1291,139550.5353013773
1818,152722.06335271057
2161,189785.47505321214
1883,122125.37257162045
350,374989.67473762925
2473,146402.4804696904
295,160636.96434280972
293,192624.6688936223
859,127806.1241027843
288,84807.96003239992
1578,145243.85996524553
102,163854.29083347705
2831,176037.14731084422
1030,165264.22228811303
2551,133064.58642717698
1286,151151.06083705853
958,319495.0640593122
776,119490.23312046881
72,215294.07475691475
2263,265511.2560659905
1866,147629.9533613649
2876,85071.66620442382
2146,278544.61634681514
103,171462.08932480947
1500,147575.9813006855
492,180981.7841622338
167,130925.59852466267
2597,122132.64393514056
2685,110920.83873170274
1035,142438.23799052782
1220,72948.64810617999
2602,139095.64789581657
2159,216847.82427285635
695,138510.79516267302
1109,251430.47736373858
640,174786.2340361575
1652,149480.28925358524
2090,194071.76829965087
1188,188048.29872785255
2345,226264.62477874564
1059,430555.0359452732
2751,233521.0440227574
128,199279.3933487245
1523,166873.98090326824
2925,151828.77502511142
2145,314120.31294219557
1121,215639.49436372155
566,335755.8731029054
565,214625.93010522786
1331,128320.1134439885
2928,117546.36499514064
156,139006.4138824193
797,158354.01056702793
327,110175.37391523398
2859,135122.3872096039
1453,111835.21731624652
1762,378507.4630038117
1868,194171.5010058591
1760,185661.6979968655
1113,264127.44461165846
1812,187607.8998212074
117,151760.67553832658
1142,216291.47473289585
2342,365801.7071746042
927,134986.55367238453
2478,191780.4961347998
655,98560.2025149029
2064,119894.98540303348
369,230228.63487097013
2239,118679.18700052358
2732,208754.02988163094
1653,159551.0285568345
959,207037.0921871059
2395,348672.079783253
1412,104506.0435933961
271,255140.58979500536
1484,161589.77451162293
1497,156501.51796926578
552,160363.81378697752
2,120409.30084906826
1855,274870.0205551773
4,278598.8805058505
2292,165051.36131605142
134,141043.22282289143
646,114790.36889909777
42,316776.6206834068
532,211957.27859500409
713,108103.00452646162
2561,126961.25509309488
2360,129640.01406598891
1333,127987.00609860128
1407,169100.32833264975
2892,292950.03920260485
574,223871.1829132873
1227,174678.0838195284
2591,232599.7675254446
1476,200395.3903586258
1125,266713.6879814872
1446,124191.45778992385
408,112364.64784369148
1101,289401.3781187305
2251,199249.61802387115
373,182041.97925106346
2554,119342.39046632333
2382,279427.9502465201
1985,92426.18304986051
519,213686.26832838135
1093,196286.6443738285
864,255052.1206542668
2889,140411.7050971554
2308,188540.18346229414
986,149340.53762900602
1302,151128.00781543006
585,153385.93873971875
2708,138948.54170270803
147,123598.57838866032
1441,218325.1220683579
383,172202.38322078215
285,158069.04131558875
181,113117.27331824599
358,160888.62682047207
780,167298.5257351877
258,199242.07275886365
1865,196383.4530258979
692,123588.0388578828
2902,341549.47069965146
508,270587.79625107703
2638,130222.74319884127
36,153752.88803732264
611,166751.64934115
2281,127702.39118032495
1678,138329.26269598695
1696,511904.3197543885
1557,93081.47550061546
2180,149065.06692457112
1726,234428.88907307628
951,140797.80620381847
267,247659.340828362
2706,143567.03160117555
2221,224829.81302848496
1357,152890.13472549056
2901,333681.1340321222
347,176404.67225365678
2164,186430.1587883708
1586,331835.9070965088
360,175272.6643951953
1769,226044.2055829451
2617,142853.32221023244
1879,146454.2919488703
991,220631.95038800014
1535,112451.28293521675
1191,152312.14027236868
1579,208760.28281615282
1882,131980.29610786124
1510,127069.40610572172
2196,142960.99001978565
1845,174389.2724829401
2336,376569.5430475596
942,100976.71326630765
861,123860.92592225187
2555,103417.76543531155
1392,147315.52130143857
2099,283200.128866252
1543,134493.17349548262
948,281625.4403125649
1239,153102.62737265715
22,177210.53103335112
2796,239689.42660533357
2747,169876.21984427847
92,299261.7500874473
210,167071.70399889935
1858,220984.8645928208
2228,167844.53911134144
447,218166.17646425692
827,239502.46737177123
1649,205925.92331321226
682,128599.73896271616
2698,109256.67147461606
494,164815.32565229238
214,105475.24210049311
2441,238393.96640026587
2679,106909.86018909776
1336,127031.27323313332
465,198614.23481179937
1524,128471.57513239713
2543,112164.43208717204
631,122708.50746017748
2452,320505.9026461726
228,150304.07796275342
126,143448.16454548805
1092,210133.1295804044
1122,210194.47254052127
932,192966.03488815142
1980,96693.19248070964
2171,117613.19594393403
551,143441.61598934396
2768,166019.5817309275
2056,109549.87402241082
1159,395105.49560907297
2645,123783.72891946875
1174,165287.17959594712
2266,210635.06349196887
2462,420478.12737482035
1219,142593.84522984855
2922,180406.49537974634
118,133543.94065161736
474,190942.71484371577
2576,144658.0504112534
872,286861.71448233264
1077,230461.86618800403
1536,135641.45978347975
1150,130449.60945369433
2341,291112.0020475725
1931,133029.44846838134
2785,129033.98564283269
2538,122006.82411171347
597,203857.97613253293
464,180022.4678609575
233,216553.3835981774
2169,130630.39062385836
2123,162961.41293585155
1867,157944.78178308695
137,248114.55431554647
515,230289.66523676418
933,130710.43312995178
2784,145021.51968549614
972,166197.26304377714
599,156065.96247812908
2614,125706.76813305603
2582,143372.4032223892
1409,155935.79382996145
175,98738.72893410565
352,212274.55098489768
976,111436.44207030523
2134,197139.4002447895
984,109526.12839314662
2396,391742.9569464588
1673,150098.92083800773
404,132497.70230222886
607,168168.99595759282
814,170773.6843022617
868,199090.97091158907
2271,206130.81009480613
1633,237315.32387565705
337,184416.52049129846
2765,144669.46360321713
1746,238789.79288722397
368,336934.7434112968
2806,201248.5829125048
1662,176185.75166408392
1234,201166.7592241206
1373,139407.2807168473
1672,111742.23867761638
1939,127844.92187352212
